Time:Wed May 20 11:42:27 2015
02 43 37 30 34 03 45 31 
Time:Wed May 20 11:42:27 2015
02 44 32 30 34 03 44 44 
Time:Wed May 20 11:42:27 2015
02 44 42 30 34 03 45 44 
Time:Wed May 20 11:42:27 2015
02 44 31 30 34 03 44 43 
Time:Wed May 20 11:42:27 2015
02 37 45 30 31 03 45 30 
Time:Wed May 20 11:42:27 2015
02 38 45 30 34 03 45 34 
Time:Wed May 20 11:42:27 2015
02 38 45 30 34 03 45 34 
Time:Wed May 20 11:42:27 2015
02 38 45 30 34 03 45 34 
Time:Wed May 20 11:42:27 2015
02 38 45 30 34 03 45 34 
Time:Wed May 20 11:42:27 2015
02 38 45 30 34 03 45 34 
Time:Wed May 20 11:42:27 2015
02 38 45 30 34 03 45 34 
Time:Wed May 20 11:42:28 2015
02 42 43 30 32 03 45 41 
Time:Wed May 20 11:42:28 2015
02 38 32 30 30 03 43 44 
Time:Wed May 20 11:42:28 2015
02 37 38 30 30 03 44 32 
Time:Wed May 20 11:42:31 2015
02 38 45 30 34 03 45 34 
Time:Wed May 20 11:42:31 2015
02 44 30 30 32 03 44 39 
Time:Wed May 20 11:42:31 2015
02 34 33 30 30 03 43 41 
Time:Wed May 20 11:42:31 2015
02 34 36 30 30 03 43 44 
Time:Wed May 20 11:42:34 2015
02 38 45 30 34 03 45 34 
Time:Wed May 20 11:42:34 2015
02 43 36 30 32 03 44 45 
Time:Wed May 20 11:42:34 2015
02 34 34 30 30 03 43 42 
Time:Wed May 20 11:42:34 2015
02 34 35 30 30 03 43 43 
Time:Wed May 20 11:44:50 2015
02 43 37 30 34 03 45 31 
Time:Wed May 20 11:44:50 2015
02 44 32 30 34 03 44 44 
Time:Wed May 20 11:44:50 2015
02 44 42 30 34 03 45 44 
Time:Wed May 20 11:44:50 2015
02 44 31 30 34 03 44 43 
Time:Wed May 20 11:44:50 2015
02 37 45 30 31 03 45 30 
Time:Wed May 20 11:44:50 2015
02 38 45 30 34 03 45 34 
Time:Wed May 20 11:44:50 2015
02 38 45 30 34 03 45 34 
Time:Wed May 20 11:44:50 2015
02 38 45 30 34 03 45 34 
Time:Wed May 20 11:44:50 2015
02 38 45 30 34 03 45 34 
Time:Wed May 20 11:44:50 2015
02 38 45 30 34 03 45 34 
Time:Wed May 20 11:44:50 2015
02 38 45 30 34 03 45 34 
Time:Wed May 20 11:44:50 2015
02 42 43 30 32 03 45 41 
Time:Wed May 20 11:44:50 2015
02 38 32 30 30 03 43 44 
Time:Wed May 20 11:44:50 2015
02 37 38 30 30 03 44 32 
Time:Wed May 20 11:44:53 2015
02 38 45 30 34 03 45 34 
Time:Wed May 20 11:44:53 2015
02 44 30 30 32 03 44 39 
Time:Wed May 20 11:44:53 2015
02 34 33 30 30 03 43 41 
Time:Wed May 20 11:44:53 2015
02 34 36 30 30 03 43 44 
Time:Wed May 20 11:44:56 2015
02 38 45 30 34 03 45 34 
Time:Wed May 20 11:44:56 2015
02 43 36 30 32 03 44 45 
Time:Wed May 20 11:44:56 2015
02 34 34 30 30 03 43 42 
Time:Wed May 20 11:44:56 2015
02 34 35 30 30 03 43 43 
Time:Wed May 20 11:46:29 2015
02 43 37 30 34 03 45 31 
Time:Wed May 20 11:46:29 2015
02 44 32 30 34 03 44 44 
Time:Wed May 20 11:46:29 2015
02 44 42 30 34 03 45 44 
Time:Wed May 20 11:46:29 2015
02 44 31 30 34 03 44 43 
Time:Wed May 20 11:46:29 2015
02 37 45 30 31 03 45 30 
Time:Wed May 20 11:46:29 2015
02 38 45 30 34 03 45 34 
Time:Wed May 20 11:46:29 2015
02 38 45 30 34 03 45 34 
Time:Wed May 20 11:46:30 2015
02 38 45 30 34 03 45 34 
Time:Wed May 20 11:46:30 2015
02 38 45 30 34 03 45 34 
Time:Wed May 20 11:46:30 2015
02 38 45 30 34 03 45 34 
Time:Wed May 20 11:46:30 2015
02 38 45 30 34 03 45 34 
Time:Wed May 20 11:46:30 2015
02 42 43 30 32 03 45 41 
Time:Wed May 20 11:46:30 2015
02 38 32 30 30 03 43 44 
Time:Wed May 20 11:46:30 2015
02 37 38 30 30 03 44 32 
Time:Wed May 20 11:46:33 2015
02 38 45 30 34 03 45 34 
Time:Wed May 20 11:46:33 2015
02 44 30 30 32 03 44 39 
Time:Wed May 20 11:46:33 2015
02 34 33 30 30 03 43 41 
Time:Wed May 20 11:46:33 2015
02 34 36 30 30 03 43 44 
Time:Wed May 20 11:49:34 2015
02 44 42 30 34 03 45 44 
Time:Wed May 20 11:49:35 2015
02 44 31 30 34 03 44 43 
Time:Wed May 20 11:49:35 2015
02 37 45 30 31 03 45 30 
Time:Wed May 20 11:49:35 2015
02 38 45 30 34 03 45 34 
Time:Wed May 20 11:49:35 2015
02 38 45 30 34 03 45 34 
Time:Wed May 20 11:49:35 2015
02 38 45 30 34 03 45 34 
Time:Wed May 20 11:49:35 2015
02 38 45 30 34 03 45 34 
Time:Wed May 20 11:49:35 2015
02 38 45 30 34 03 45 34 
Time:Wed May 20 11:49:35 2015
02 38 45 30 34 03 45 34 
Time:Wed May 20 11:49:35 2015
02 42 43 30 32 03 45 41 
Time:Wed May 20 11:49:35 2015
02 38 32 30 30 03 43 44 
Time:Wed May 20 11:49:35 2015
02 37 38 30 30 03 44 32 
Time:Wed May 20 11:49:38 2015
02 38 45 30 34 03 45 34 
Time:Wed May 20 11:49:38 2015
02 44 30 30 32 03 44 39 
Time:Wed May 20 11:49:38 2015
02 34 33 30 30 03 43 41 
Time:Wed May 20 11:49:39 2015
02 34 36 30 30 03 43 44 
Time:Wed May 20 11:49:42 2015
02 38 45 30 34 03 45 34 
Time:Wed May 20 11:49:42 2015
02 43 36 30 32 03 44 45 
Time:Wed May 20 11:49:42 2015
02 34 34 30 30 03 43 42 
Time:Wed May 20 11:49:42 2015
02 34 35 30 30 03 43 43 
Time:Wed May 20 11:52:20 2015
02 44 42 30 34 03 45 44 
Time:Wed May 20 11:52:21 2015
02 44 31 30 34 03 44 43 
Time:Wed May 20 11:52:21 2015
02 37 45 30 31 03 45 30 
Time:Wed May 20 11:52:21 2015
02 38 45 30 34 03 45 34 
Time:Wed May 20 11:52:21 2015
02 38 45 30 34 03 45 34 
Time:Wed May 20 11:52:21 2015
02 38 45 30 34 03 45 34 
Time:Wed May 20 11:52:21 2015
02 38 45 30 34 03 45 34 
Time:Wed May 20 11:52:21 2015
02 38 45 30 34 03 45 34 
Time:Wed May 20 11:52:21 2015
02 38 45 30 34 03 45 34 
Time:Wed May 20 11:52:21 2015
02 42 43 30 32 03 45 41 
Time:Wed May 20 11:52:21 2015
02 38 32 30 30 03 43 44 
Time:Wed May 20 11:52:22 2015
02 37 38 30 30 03 44 32 
Time:Wed May 20 11:52:25 2015
02 38 45 30 34 03 45 34 
Time:Wed May 20 11:52:25 2015
02 44 30 30 32 03 44 39 
Time:Wed May 20 11:52:25 2015
02 34 33 30 30 03 43 41 
Time:Wed May 20 11:52:25 2015
02 34 36 30 30 03 43 44 
Time:Wed May 20 11:52:32 2015
02 34 34 30 30 03 43 42 
Time:Wed May 20 11:52:33 2015
02 34 35 30 30 03 43 43 
Time:Wed May 20 12:01:55 2015
02 43 37 30 34 03 45 31 
Time:Wed May 20 12:01:56 2015
02 44 32 30 34 03 44 44 
Time:Wed May 20 12:01:56 2015
02 44 42 30 34 03 45 44 
Time:Wed May 20 12:01:56 2015
02 44 31 30 34 03 44 43 
Time:Wed May 20 12:01:56 2015
02 37 45 30 31 03 45 30 
Time:Wed May 20 12:01:56 2015
02 38 45 30 34 03 45 34 
Time:Wed May 20 12:01:56 2015
02 38 45 30 34 03 45 34 
Time:Wed May 20 12:01:56 2015
02 38 45 30 34 03 45 34 
Time:Wed May 20 12:01:56 2015
02 38 45 30 34 03 45 34 
Time:Wed May 20 12:01:56 2015
02 38 45 30 34 03 45 34 
Time:Wed May 20 12:01:56 2015
02 38 45 30 34 03 45 34 
Time:Wed May 20 12:01:56 2015
02 42 43 30 32 03 45 41 
Time:Wed May 20 12:01:56 2015
02 38 32 30 30 03 43 44 
Time:Wed May 20 12:01:56 2015
02 37 38 30 30 03 44 32 
Time:Wed May 20 12:01:59 2015
02 38 45 30 34 03 45 34 
Time:Wed May 20 12:01:59 2015
02 44 30 30 32 03 44 39 
Time:Wed May 20 12:01:59 2015
02 34 33 30 30 03 43 41 
Time:Wed May 20 12:01:59 2015
02 34 36 30 30 03 43 44 
Time:Wed May 20 12:02:02 2015
02 38 45 30 34 03 45 34 
Time:Wed May 20 12:02:02 2015
02 43 36 30 32 03 44 45 
Time:Wed May 20 12:02:02 2015
02 34 34 30 30 03 43 42 
Time:Wed May 20 12:02:02 2015
02 34 35 30 30 03 43 43 
Time:Wed May 20 12:34:17 2015
02 43 37 30 34 03 45 31 
Time:Wed May 20 12:34:17 2015
02 44 32 30 34 03 44 44 
Time:Wed May 20 12:34:17 2015
02 44 42 30 34 03 45 44 
Time:Wed May 20 12:34:17 2015
02 44 31 30 34 03 44 43 
Time:Wed May 20 12:34:17 2015
02 37 45 30 31 03 45 30 
Time:Wed May 20 12:34:17 2015
02 38 45 30 34 03 45 34 
Time:Wed May 20 12:34:17 2015
02 38 45 30 34 03 45 34 
Time:Wed May 20 12:34:17 2015
02 38 45 30 34 03 45 34 
Time:Wed May 20 12:34:17 2015
02 38 45 30 34 03 45 34 
Time:Wed May 20 12:34:17 2015
02 38 45 30 34 03 45 34 
Time:Wed May 20 12:34:17 2015
02 38 45 30 34 03 45 34 
Time:Wed May 20 12:34:17 2015
02 42 43 30 32 03 45 41 
Time:Wed May 20 12:34:17 2015
02 38 32 30 30 03 43 44 
Time:Wed May 20 12:34:17 2015
02 37 38 30 30 03 44 32 
Time:Wed May 20 12:34:21 2015
02 38 45 30 34 03 45 34 
Time:Wed May 20 12:34:21 2015
02 44 30 30 32 03 44 39 
Time:Wed May 20 12:34:21 2015
02 34 33 30 30 03 43 41 
Time:Wed May 20 12:34:21 2015
02 34 36 30 30 03 43 44 
Time:Wed May 20 12:34:24 2015
02 38 45 30 34 03 45 34 
Time:Wed May 20 12:34:24 2015
02 43 36 30 32 03 44 45 
Time:Wed May 20 12:34:24 2015
02 34 34 30 30 03 43 42 
Time:Wed May 20 12:34:24 2015
02 34 35 30 30 03 43 43 
Time:Wed May 20 12:35:11 2015
02 43 37 30 34 03 45 31 
Time:Wed May 20 12:35:11 2015
02 44 32 30 34 03 44 44 
Time:Wed May 20 12:35:11 2015
02 44 42 30 34 03 45 44 
Time:Wed May 20 12:35:11 2015
02 44 31 30 34 03 44 43 
Time:Wed May 20 12:35:11 2015
02 37 45 30 31 03 45 30 
Time:Wed May 20 12:35:11 2015
02 38 45 30 34 03 45 34 
Time:Wed May 20 12:35:11 2015
02 38 45 30 34 03 45 34 
Time:Wed May 20 12:35:11 2015
02 38 45 30 34 03 45 34 
Time:Wed May 20 12:35:11 2015
02 38 45 30 34 03 45 34 
Time:Wed May 20 12:35:11 2015
02 38 45 30 34 03 45 34 
Time:Wed May 20 12:35:11 2015
02 38 45 30 34 03 45 34 
Time:Wed May 20 12:35:11 2015
02 42 43 30 32 03 45 41 
Time:Wed May 20 12:35:11 2015
02 38 32 30 30 03 43 44 
Time:Wed May 20 12:35:12 2015
02 37 38 30 30 03 44 32 
Time:Wed May 20 12:35:15 2015
02 38 45 30 34 03 45 34 
Time:Wed May 20 12:35:15 2015
02 44 30 30 32 03 44 39 
Time:Wed May 20 12:35:15 2015
02 34 33 30 30 03 43 41 
Time:Wed May 20 12:35:15 2015
02 34 36 30 30 03 43 44 
Time:Wed May 20 12:35:22 2015
02 34 34 30 30 03 43 42 
Time:Wed May 20 12:35:23 2015
02 34 35 30 30 03 43 43 
Time:Wed May 20 12:38:30 2015
02 43 37 30 34 03 45 31 
Time:Wed May 20 12:38:30 2015
02 44 32 30 34 03 44 44 
Time:Wed May 20 12:38:30 2015
02 44 42 30 34 03 45 44 
Time:Wed May 20 12:38:30 2015
02 44 31 30 34 03 44 43 
Time:Wed May 20 12:38:30 2015
02 37 45 30 31 03 45 30 
Time:Wed May 20 12:38:30 2015
02 38 45 30 34 03 45 34 
Time:Wed May 20 12:38:30 2015
02 38 45 30 34 03 45 34 
Time:Wed May 20 12:38:30 2015
02 38 45 30 34 03 45 34 
Time:Wed May 20 12:38:30 2015
02 38 45 30 34 03 45 34 
Time:Wed May 20 12:38:30 2015
02 38 45 30 34 03 45 34 
Time:Wed May 20 12:38:30 2015
02 38 45 30 34 03 45 34 
Time:Wed May 20 12:38:30 2015
02 42 43 30 32 03 45 41 
Time:Wed May 20 12:38:30 2015
02 38 32 30 30 03 43 44 
Time:Wed May 20 12:38:30 2015
02 37 38 30 30 03 44 32 
Time:Wed May 20 12:38:33 2015
02 38 45 30 34 03 45 34 
Time:Wed May 20 12:38:33 2015
02 44 30 30 32 03 44 39 
Time:Wed May 20 12:38:33 2015
02 34 33 30 30 03 43 41 
Time:Wed May 20 12:38:33 2015
02 34 36 30 30 03 43 44 
Time:Wed May 20 12:42:30 2015
02 44 42 30 34 03 45 44 
Time:Wed May 20 12:42:31 2015
02 44 31 30 34 03 44 43 
Time:Wed May 20 12:42:31 2015
02 37 45 30 31 03 45 30 
Time:Wed May 20 12:42:31 2015
02 38 45 30 34 03 45 34 
Time:Wed May 20 12:42:32 2015
02 38 45 30 34 03 45 34 
Time:Wed May 20 12:42:32 2015
02 38 45 30 34 03 45 34 
Time:Wed May 20 12:42:32 2015
02 38 45 30 34 03 45 34 
Time:Wed May 20 12:42:32 2015
02 38 45 30 34 03 45 34 
Time:Wed May 20 12:42:32 2015
02 38 45 30 34 03 45 34 
Time:Wed May 20 12:42:32 2015
02 42 43 30 32 03 45 41 
Time:Wed May 20 12:42:32 2015
02 38 32 30 30 03 43 44 
Time:Wed May 20 12:42:32 2015
02 37 38 30 30 03 44 32 
Time:Wed May 20 12:42:35 2015
02 38 45 30 34 03 45 34 
Time:Wed May 20 12:42:35 2015
02 44 30 30 32 03 44 39 
Time:Wed May 20 12:42:35 2015
02 34 33 30 30 03 43 41 
Time:Wed May 20 12:42:35 2015
02 34 36 30 30 03 43 44 
Time:Wed May 20 12:42:42 2015
02 34 34 30 30 03 43 42 
Time:Wed May 20 12:42:43 2015
02 34 35 30 30 03 43 43 
Time:Wed May 20 12:44:11 2015
02 44 42 30 34 03 45 44 
Time:Wed May 20 12:44:12 2015
02 44 31 30 34 03 44 43 
Time:Wed May 20 12:44:12 2015
02 37 45 30 31 03 45 30 
Time:Wed May 20 12:44:12 2015
02 38 45 30 34 03 45 34 
Time:Wed May 20 12:44:12 2015
02 38 45 30 34 03 45 34 
Time:Wed May 20 12:44:13 2015
02 38 45 30 34 03 45 34 
Time:Wed May 20 12:44:13 2015
02 38 45 30 34 03 45 34 
Time:Wed May 20 12:44:13 2015
02 38 45 30 34 03 45 34 
Time:Wed May 20 12:44:13 2015
02 38 45 30 34 03 45 34 
Time:Wed May 20 12:44:13 2015
02 42 43 30 32 03 45 41 
Time:Wed May 20 12:44:13 2015
02 38 32 30 30 03 43 44 
Time:Wed May 20 12:44:13 2015
02 37 38 30 30 03 44 32 
Time:Wed May 20 12:44:16 2015
02 38 45 30 34 03 45 34 
Time:Wed May 20 12:44:16 2015
02 44 30 30 32 03 44 39 
Time:Wed May 20 12:44:16 2015
02 34 33 30 30 03 43 41 
Time:Wed May 20 12:44:16 2015
02 34 36 30 30 03 43 44 
Time:Wed May 20 12:44:23 2015
02 34 34 30 30 03 43 42 
Time:Wed May 20 12:44:24 2015
02 34 35 30 30 03 43 43 
Time:Wed May 20 12:45:55 2015
02 44 42 30 34 03 45 44 
Time:Wed May 20 12:45:56 2015
02 44 31 30 34 03 44 43 
Time:Wed May 20 12:45:56 2015
02 37 45 30 31 03 45 30 
Time:Wed May 20 12:45:56 2015
02 38 45 30 34 03 45 34 
Time:Wed May 20 12:45:56 2015
02 38 45 30 34 03 45 34 
Time:Wed May 20 12:45:56 2015
02 38 45 30 34 03 45 34 
Time:Wed May 20 12:45:56 2015
02 38 45 30 34 03 45 34 
Time:Wed May 20 12:45:56 2015
02 38 45 30 34 03 45 34 
Time:Wed May 20 12:45:56 2015
02 38 45 30 34 03 45 34 
Time:Wed May 20 12:45:56 2015
02 42 43 30 32 03 45 41 
Time:Wed May 20 12:45:56 2015
02 38 32 30 30 03 43 44 
Time:Wed May 20 12:45:57 2015
02 37 38 30 30 03 44 32 
Time:Wed May 20 12:46:00 2015
02 38 45 30 34 03 45 34 
Time:Wed May 20 12:46:00 2015
02 44 30 30 32 03 44 39 
Time:Wed May 20 12:46:00 2015
02 34 33 30 30 03 43 41 
Time:Wed May 20 12:46:00 2015
02 34 36 30 30 03 43 44 
Time:Wed May 20 12:47:18 2015
02 43 37 30 34 03 45 31 
Time:Wed May 20 12:47:18 2015
02 44 32 30 34 03 44 44 
Time:Wed May 20 12:47:18 2015
02 44 42 30 34 03 45 44 
Time:Wed May 20 12:47:18 2015
02 44 31 30 34 03 44 43 
Time:Wed May 20 12:47:18 2015
02 37 45 30 31 03 45 30 
Time:Wed May 20 12:47:18 2015
02 38 45 30 34 03 45 34 
Time:Wed May 20 12:47:18 2015
02 38 45 30 34 03 45 34 
Time:Wed May 20 12:47:18 2015
02 38 45 30 34 03 45 34 
Time:Wed May 20 12:47:18 2015
02 38 45 30 34 03 45 34 
Time:Wed May 20 12:47:18 2015
02 38 45 30 34 03 45 34 
Time:Wed May 20 12:47:18 2015
02 38 45 30 34 03 45 34 
Time:Wed May 20 12:47:18 2015
02 42 43 30 32 03 45 41 
Time:Wed May 20 12:47:18 2015
02 38 32 30 30 03 43 44 
Time:Wed May 20 12:47:18 2015
02 37 38 30 30 03 44 32 
Time:Wed May 20 12:47:21 2015
02 38 45 30 34 03 45 34 
Time:Wed May 20 12:47:21 2015
02 44 30 30 32 03 44 39 
Time:Wed May 20 12:47:21 2015
02 34 33 30 30 03 43 41 
Time:Wed May 20 12:47:21 2015
02 34 36 30 30 03 43 44 
Time:Wed May 20 12:47:29 2015
02 34 34 30 30 03 43 42 
Time:Wed May 20 12:47:30 2015
02 34 35 30 30 03 43 43 
Time:Wed May 20 12:48:24 2015
02 43 37 30 34 03 45 31 
Time:Wed May 20 12:48:24 2015
02 44 32 30 34 03 44 44 
Time:Wed May 20 12:48:24 2015
02 44 42 30 34 03 45 44 
Time:Wed May 20 12:48:24 2015
02 44 31 30 34 03 44 43 
Time:Wed May 20 12:48:24 2015
02 37 45 30 31 03 45 30 
Time:Wed May 20 12:48:24 2015
02 38 45 30 34 03 45 34 
Time:Wed May 20 12:48:24 2015
02 38 45 30 34 03 45 34 
Time:Wed May 20 12:48:25 2015
02 38 45 30 34 03 45 34 
Time:Wed May 20 12:48:25 2015
02 38 45 30 34 03 45 34 
Time:Wed May 20 12:48:25 2015
02 38 45 30 34 03 45 34 
Time:Wed May 20 12:48:25 2015
02 38 45 30 34 03 45 34 
Time:Wed May 20 12:48:25 2015
02 42 43 30 32 03 45 41 
Time:Wed May 20 12:48:25 2015
02 38 32 30 30 03 43 44 
Time:Wed May 20 12:48:25 2015
02 37 38 30 30 03 44 32 
Time:Wed May 20 12:48:28 2015
02 38 45 30 34 03 45 34 
Time:Wed May 20 12:48:28 2015
02 44 30 30 32 03 44 39 
Time:Wed May 20 12:48:28 2015
02 34 33 30 30 03 43 41 
Time:Wed May 20 12:48:28 2015
02 34 36 30 30 03 43 44 
Time:Wed May 20 12:48:31 2015
02 38 45 30 34 03 45 34 
Time:Wed May 20 12:48:31 2015
02 43 36 30 32 03 44 45 
Time:Wed May 20 12:48:31 2015
02 34 34 30 30 03 43 42 
Time:Wed May 20 12:48:31 2015
02 34 35 30 30 03 43 43 
Time:Wed May 20 12:49:30 2015
02 43 37 30 34 03 45 31 
Time:Wed May 20 12:49:30 2015
02 44 32 30 34 03 44 44 
Time:Wed May 20 12:49:30 2015
02 44 42 30 34 03 45 44 
Time:Wed May 20 12:49:30 2015
02 44 31 30 34 03 44 43 
Time:Wed May 20 12:49:30 2015
02 37 45 30 31 03 45 30 
Time:Wed May 20 12:49:30 2015
02 38 45 30 34 03 45 34 
Time:Wed May 20 12:49:30 2015
02 38 45 30 34 03 45 34 
Time:Wed May 20 12:49:30 2015
02 38 45 30 34 03 45 34 
Time:Wed May 20 12:49:30 2015
02 38 45 30 34 03 45 34 
Time:Wed May 20 12:49:30 2015
02 38 45 30 34 03 45 34 
Time:Wed May 20 12:49:30 2015
02 38 45 30 34 03 45 34 
Time:Wed May 20 12:49:30 2015
02 42 43 30 32 03 45 41 
Time:Wed May 20 12:49:30 2015
02 38 32 30 30 03 43 44 
Time:Wed May 20 12:49:30 2015
02 37 38 30 30 03 44 32 
Time:Wed May 20 12:49:33 2015
02 38 45 30 34 03 45 34 
Time:Wed May 20 12:49:33 2015
02 44 30 30 32 03 44 39 
Time:Wed May 20 12:49:33 2015
02 34 33 30 30 03 43 41 
Time:Wed May 20 12:49:33 2015
02 34 36 30 30 03 43 44 
Time:Wed May 20 12:53:23 2015
02 43 37 30 34 03 45 31 
Time:Wed May 20 12:53:23 2015
02 44 32 30 34 03 44 44 
Time:Wed May 20 12:53:23 2015
02 44 42 30 34 03 45 44 
Time:Wed May 20 12:53:23 2015
02 44 31 30 34 03 44 43 
Time:Wed May 20 12:53:23 2015
02 37 45 30 31 03 45 30 
Time:Wed May 20 12:53:23 2015
02 38 45 30 34 03 45 34 
Time:Wed May 20 12:53:23 2015
02 38 45 30 34 03 45 34 
Time:Wed May 20 12:53:23 2015
02 38 45 30 34 03 45 34 
Time:Wed May 20 12:53:23 2015
02 38 45 30 34 03 45 34 
Time:Wed May 20 12:53:23 2015
02 38 45 30 34 03 45 34 
Time:Wed May 20 12:53:23 2015
02 38 45 30 34 03 45 34 
Time:Wed May 20 12:53:23 2015
02 42 43 30 32 03 45 41 
Time:Wed May 20 12:53:23 2015
02 38 32 30 30 03 43 44 
Time:Wed May 20 12:53:23 2015
02 37 38 30 30 03 44 32 
Time:Wed May 20 12:53:26 2015
02 38 45 30 34 03 45 34 
Time:Wed May 20 12:53:26 2015
02 44 30 30 32 03 44 39 
Time:Wed May 20 12:53:26 2015
02 34 33 30 30 03 43 41 
Time:Wed May 20 12:53:26 2015
02 34 36 30 30 03 43 44 
Time:Wed May 20 12:53:30 2015
02 38 45 30 34 03 45 34 
Time:Wed May 20 12:53:30 2015
02 43 36 30 32 03 44 45 
Time:Wed May 20 12:53:30 2015
02 34 34 30 30 03 43 42 
Time:Wed May 20 12:53:30 2015
02 34 35 30 30 03 43 43 
Time:Wed May 20 12:54:17 2015
02 43 37 30 34 03 45 31 
Time:Wed May 20 12:54:17 2015
02 44 32 30 34 03 44 44 
Time:Wed May 20 12:54:17 2015
02 44 42 30 34 03 45 44 
Time:Wed May 20 12:54:17 2015
02 44 31 30 34 03 44 43 
Time:Wed May 20 12:54:17 2015
02 37 45 30 31 03 45 30 
Time:Wed May 20 12:54:17 2015
02 38 45 30 34 03 45 34 
Time:Wed May 20 12:54:17 2015
02 38 45 30 34 03 45 34 
Time:Wed May 20 12:54:17 2015
02 38 45 30 34 03 45 34 
Time:Wed May 20 12:54:17 2015
02 38 45 30 34 03 45 34 
Time:Wed May 20 12:54:17 2015
02 38 45 30 34 03 45 34 
Time:Wed May 20 12:54:18 2015
02 38 45 30 34 03 45 34 
Time:Wed May 20 12:54:18 2015
02 42 43 30 32 03 45 41 
Time:Wed May 20 12:54:18 2015
02 38 32 30 30 03 43 44 
Time:Wed May 20 12:54:18 2015
02 37 38 30 30 03 44 32 
Time:Wed May 20 12:54:21 2015
02 38 45 30 34 03 45 34 
Time:Wed May 20 12:54:21 2015
02 44 30 30 32 03 44 39 
Time:Wed May 20 12:54:21 2015
02 34 33 30 30 03 43 41 
Time:Wed May 20 12:54:21 2015
02 34 36 30 30 03 43 44 
Time:Wed May 20 12:54:28 2015
02 34 34 30 30 03 43 42 
Time:Wed May 20 12:54:29 2015
02 34 35 30 30 03 43 43 
Time:Wed May 20 12:56:37 2015
02 43 37 30 34 03 45 31 
Time:Wed May 20 12:56:37 2015
02 44 32 30 34 03 44 44 
Time:Wed May 20 12:56:37 2015
02 44 42 30 34 03 45 44 
Time:Wed May 20 12:56:37 2015
02 44 31 30 34 03 44 43 
Time:Wed May 20 12:56:37 2015
02 37 45 30 31 03 45 30 
Time:Wed May 20 12:56:42 2015
02 43 37 30 34 03 45 31 
Time:Wed May 20 12:56:42 2015
02 44 32 30 34 03 44 44 
Time:Wed May 20 12:56:42 2015
02 44 42 30 34 03 45 44 
Time:Wed May 20 12:56:42 2015
02 44 31 30 34 03 44 43 
Time:Wed May 20 12:56:42 2015
02 37 45 30 31 03 45 30 
Time:Wed May 20 12:56:42 2015
02 38 45 30 34 03 45 34 
Time:Wed May 20 12:56:42 2015
02 38 45 30 34 03 45 34 
Time:Wed May 20 12:56:42 2015
02 38 45 30 34 03 45 34 
Time:Wed May 20 12:56:42 2015
02 38 45 30 34 03 45 34 
Time:Wed May 20 12:56:42 2015
02 38 45 30 34 03 45 34 
Time:Wed May 20 12:56:42 2015
02 38 45 30 34 03 45 34 
Time:Wed May 20 12:56:43 2015
02 42 43 30 32 03 45 41 
Time:Wed May 20 12:56:43 2015
02 38 32 30 30 03 43 44 
Time:Wed May 20 12:56:43 2015
02 37 38 30 30 03 44 32 
Time:Wed May 20 12:56:46 2015
02 38 45 30 34 03 45 34 
Time:Wed May 20 12:56:46 2015
02 44 30 30 32 03 44 39 
Time:Wed May 20 12:56:46 2015
02 34 33 30 30 03 43 41 
Time:Wed May 20 12:56:46 2015
02 34 36 30 30 03 43 44 
Time:Wed May 20 13:00:31 2015
02 44 42 30 34 03 45 44 
Time:Wed May 20 13:00:32 2015
02 44 31 30 34 03 44 43 
Time:Wed May 20 13:00:32 2015
02 37 45 30 31 03 45 30 
Time:Wed May 20 13:00:32 2015
02 38 45 30 34 03 45 34 
Time:Wed May 20 13:00:32 2015
02 38 45 30 34 03 45 34 
Time:Wed May 20 13:00:32 2015
02 38 45 30 34 03 45 34 
Time:Wed May 20 13:00:32 2015
02 38 45 30 34 03 45 34 
Time:Wed May 20 13:00:32 2015
02 38 45 30 34 03 45 34 
Time:Wed May 20 13:00:32 2015
02 38 45 30 34 03 45 34 
Time:Wed May 20 13:00:32 2015
02 42 43 30 32 03 45 41 
Time:Wed May 20 13:00:32 2015
02 38 32 30 30 03 43 44 
Time:Wed May 20 13:00:32 2015
02 37 38 30 30 03 44 32 
Time:Wed May 20 13:00:35 2015
02 38 45 30 34 03 45 34 
Time:Wed May 20 13:00:35 2015
02 44 30 30 32 03 44 39 
Time:Wed May 20 13:00:35 2015
02 34 33 30 30 03 43 41 
Time:Wed May 20 13:00:35 2015
02 34 36 30 30 03 43 44 
Time:Wed May 20 13:02:49 2015
02 43 37 30 34 03 45 31 
Time:Wed May 20 13:02:49 2015
02 44 32 30 34 03 44 44 
Time:Wed May 20 13:02:49 2015
02 44 42 30 34 03 45 44 
Time:Wed May 20 13:02:49 2015
02 44 31 30 34 03 44 43 
Time:Wed May 20 13:02:49 2015
02 37 45 30 31 03 45 30 
Time:Wed May 20 13:02:49 2015
02 38 45 30 34 03 45 34 
Time:Wed May 20 13:02:49 2015
02 38 45 30 34 03 45 34 
Time:Wed May 20 13:02:49 2015
02 38 45 30 34 03 45 34 
Time:Wed May 20 13:02:49 2015
02 38 45 30 34 03 45 34 
Time:Wed May 20 13:02:49 2015
02 38 45 30 34 03 45 34 
Time:Wed May 20 13:02:49 2015
02 38 45 30 34 03 45 34 
Time:Wed May 20 13:02:49 2015
02 42 43 30 32 03 45 41 
Time:Wed May 20 13:02:49 2015
02 38 32 30 30 03 43 44 
Time:Wed May 20 13:02:49 2015
02 37 38 30 30 03 44 32 
Time:Wed May 20 13:02:52 2015
02 38 45 30 34 03 45 34 
Time:Wed May 20 13:02:52 2015
02 44 30 30 32 03 44 39 
Time:Wed May 20 13:02:52 2015
02 34 33 30 30 03 43 41 
Time:Wed May 20 13:02:52 2015
02 34 36 30 30 03 43 44 
Time:Wed May 20 13:04:51 2015
02 44 42 30 34 03 45 44 
Time:Wed May 20 13:04:52 2015
02 44 31 30 34 03 44 43 
Time:Wed May 20 13:04:52 2015
02 37 45 30 31 03 45 30 
Time:Wed May 20 13:04:52 2015
02 38 45 30 34 03 45 34 
Time:Wed May 20 13:04:52 2015
02 38 45 30 34 03 45 34 
Time:Wed May 20 13:04:52 2015
02 38 45 30 34 03 45 34 
Time:Wed May 20 13:04:52 2015
02 38 45 30 34 03 45 34 
Time:Wed May 20 13:04:52 2015
02 38 45 30 34 03 45 34 
Time:Wed May 20 13:04:53 2015
02 38 45 30 34 03 45 34 
Time:Wed May 20 13:04:53 2015
02 42 43 30 32 03 45 41 
Time:Wed May 20 13:04:53 2015
02 38 32 30 30 03 43 44 
Time:Wed May 20 13:04:53 2015
02 37 38 30 30 03 44 32 
Time:Wed May 20 13:04:56 2015
02 38 45 30 34 03 45 34 
Time:Wed May 20 13:04:56 2015
02 44 30 30 32 03 44 39 
Time:Wed May 20 13:04:56 2015
02 34 33 30 30 03 43 41 
Time:Wed May 20 13:04:56 2015
02 34 36 30 30 03 43 44 
Time:Wed May 20 13:07:44 2015
02 43 37 30 34 03 45 31 
Time:Wed May 20 13:07:44 2015
02 44 32 30 34 03 44 44 
Time:Wed May 20 13:07:44 2015
02 44 42 30 34 03 45 44 
Time:Wed May 20 13:07:44 2015
02 44 31 30 34 03 44 43 
Time:Wed May 20 13:07:45 2015
02 37 45 30 31 03 45 30 
Time:Wed May 20 13:07:45 2015
02 38 45 30 34 03 45 34 
Time:Wed May 20 13:07:45 2015
02 38 45 30 34 03 45 34 
Time:Wed May 20 13:07:45 2015
02 38 45 30 34 03 45 34 
Time:Wed May 20 13:07:45 2015
02 38 45 30 34 03 45 34 
Time:Wed May 20 13:07:45 2015
02 38 45 30 34 03 45 34 
Time:Wed May 20 13:07:45 2015
02 38 45 30 34 03 45 34 
Time:Wed May 20 13:07:45 2015
02 42 43 30 32 03 45 41 
Time:Wed May 20 13:07:45 2015
02 38 32 30 30 03 43 44 
Time:Wed May 20 13:07:45 2015
02 37 38 30 30 03 44 32 
Time:Wed May 20 13:07:48 2015
02 38 45 30 34 03 45 34 
Time:Wed May 20 13:07:48 2015
02 44 30 30 32 03 44 39 
Time:Wed May 20 13:07:48 2015
02 34 33 30 30 03 43 41 
Time:Wed May 20 13:07:48 2015
02 34 36 30 30 03 43 44 
Time:Wed May 20 19:34:12 2015
02 43 37 30 34 03 45 31 
Time:Wed May 20 19:34:12 2015
02 44 32 30 34 03 44 44 
Time:Wed May 20 19:34:13 2015
02 44 42 30 34 03 45 44 
Time:Wed May 20 19:34:13 2015
02 44 31 30 34 03 44 43 
Time:Wed May 20 19:34:13 2015
02 37 45 30 31 03 45 30 
Time:Wed May 20 19:34:13 2015
02 38 45 30 34 03 45 34 
Time:Wed May 20 19:34:13 2015
02 38 45 30 34 03 45 34 
Time:Wed May 20 19:34:13 2015
02 38 45 30 34 03 45 34 
Time:Wed May 20 19:34:13 2015
02 38 45 30 34 03 45 34 
Time:Wed May 20 19:34:13 2015
02 38 45 30 34 03 45 34 
Time:Wed May 20 19:34:13 2015
02 38 45 30 34 03 45 34 
Time:Wed May 20 19:34:13 2015
02 42 43 30 32 03 45 41 
Time:Wed May 20 19:34:13 2015
02 38 32 30 30 03 43 44 
Time:Wed May 20 19:34:13 2015
02 37 38 30 30 03 44 32 
Time:Wed May 20 19:34:16 2015
02 38 45 30 34 03 45 34 
Time:Wed May 20 19:34:16 2015
02 44 30 30 32 03 44 39 
Time:Wed May 20 19:34:16 2015
02 34 33 30 30 03 43 41 
Time:Wed May 20 19:34:16 2015
02 34 36 30 30 03 43 44 
Time:Wed May 20 19:36:17 2015
02 43 37 30 34 03 45 31 
Time:Wed May 20 19:36:18 2015
02 44 32 30 34 03 44 44 
Time:Wed May 20 19:36:18 2015
02 44 42 30 34 03 45 44 
Time:Wed May 20 19:36:18 2015
02 44 31 30 34 03 44 43 
Time:Wed May 20 19:36:18 2015
02 37 45 30 31 03 45 30 
Time:Wed May 20 19:36:18 2015
02 38 45 30 34 03 45 34 
Time:Wed May 20 19:36:18 2015
02 38 45 30 34 03 45 34 
Time:Wed May 20 19:36:18 2015
02 38 45 30 34 03 45 34 
Time:Wed May 20 19:36:18 2015
02 38 45 30 34 03 45 34 
Time:Wed May 20 19:36:18 2015
02 38 45 30 34 03 45 34 
Time:Wed May 20 19:36:18 2015
02 38 45 30 34 03 45 34 
Time:Wed May 20 19:36:18 2015
02 42 43 30 32 03 45 41 
Time:Wed May 20 19:36:18 2015
02 38 32 30 30 03 43 44 
Time:Wed May 20 19:36:18 2015
02 37 38 30 30 03 44 32 
Time:Wed May 20 19:36:21 2015
02 38 45 30 34 03 45 34 
Time:Wed May 20 19:36:21 2015
02 44 30 30 32 03 44 39 
Time:Wed May 20 19:36:21 2015
02 34 33 30 30 03 43 41 
Time:Wed May 20 19:36:21 2015
02 34 36 30 30 03 43 44 
Time:Wed May 20 19:36:24 2015
02 38 45 30 34 03 45 34 
Time:Wed May 20 19:36:24 2015
02 43 36 30 32 03 44 45 
Time:Wed May 20 19:36:24 2015
02 34 34 30 30 03 43 42 
Time:Wed May 20 19:36:24 2015
02 34 35 30 30 03 43 43 
Time:Wed May 20 19:37:45 2015
02 43 37 30 34 03 45 31 
Time:Wed May 20 19:37:45 2015
02 44 32 30 34 03 44 44 
Time:Wed May 20 19:37:45 2015
02 44 42 30 34 03 45 44 
Time:Wed May 20 19:37:45 2015
02 44 31 30 34 03 44 43 
Time:Wed May 20 19:37:45 2015
02 37 45 30 31 03 45 30 
Time:Wed May 20 19:37:45 2015
02 38 45 30 34 03 45 34 
Time:Wed May 20 19:37:45 2015
02 38 45 30 34 03 45 34 
Time:Wed May 20 19:37:45 2015
02 38 45 30 34 03 45 34 
Time:Wed May 20 19:37:46 2015
02 38 45 30 34 03 45 34 
Time:Wed May 20 19:37:46 2015
02 38 45 30 34 03 45 34 
Time:Wed May 20 19:37:46 2015
02 38 45 30 34 03 45 34 
Time:Wed May 20 19:37:46 2015
02 42 43 30 32 03 45 41 
Time:Wed May 20 19:37:46 2015
02 38 32 30 30 03 43 44 
Time:Wed May 20 19:37:46 2015
02 37 38 30 30 03 44 32 
Time:Wed May 20 19:37:49 2015
02 38 45 30 34 03 45 34 
Time:Wed May 20 19:37:49 2015
02 44 30 30 32 03 44 39 
Time:Wed May 20 19:37:49 2015
02 34 33 30 30 03 43 41 
Time:Wed May 20 19:37:49 2015
02 34 36 30 30 03 43 44 
Time:Wed May 20 19:37:52 2015
02 38 45 30 34 03 45 34 
Time:Wed May 20 19:37:52 2015
02 43 36 30 32 03 44 45 
Time:Wed May 20 19:37:52 2015
02 34 34 30 30 03 43 42 
Time:Wed May 20 19:37:52 2015
02 34 35 30 30 03 43 43 
Time:Wed May 20 19:38:50 2015
02 43 37 30 34 03 45 31 
Time:Wed May 20 19:38:50 2015
02 44 32 30 34 03 44 44 
Time:Wed May 20 19:38:51 2015
02 44 42 30 34 03 45 44 
Time:Wed May 20 19:38:51 2015
02 44 31 30 34 03 44 43 
Time:Wed May 20 19:38:51 2015
02 37 45 30 31 03 45 30 
Time:Wed May 20 19:38:51 2015
02 38 45 30 34 03 45 34 
Time:Wed May 20 19:38:51 2015
02 38 45 30 34 03 45 34 
Time:Wed May 20 19:38:51 2015
02 38 45 30 34 03 45 34 
Time:Wed May 20 19:38:51 2015
02 38 45 30 34 03 45 34 
Time:Wed May 20 19:38:51 2015
02 38 45 30 34 03 45 34 
Time:Wed May 20 19:38:51 2015
02 38 45 30 34 03 45 34 
Time:Wed May 20 19:38:51 2015
02 42 43 30 32 03 45 41 
Time:Wed May 20 19:38:51 2015
02 38 32 30 30 03 43 44 
Time:Wed May 20 19:38:51 2015
02 37 38 30 30 03 44 32 
Time:Wed May 20 19:41:11 2015
02 43 37 30 34 03 45 31 
Time:Wed May 20 19:41:11 2015
02 44 32 30 34 03 44 44 
Time:Wed May 20 19:41:11 2015
02 44 42 30 34 03 45 44 
Time:Wed May 20 19:41:11 2015
02 44 31 30 34 03 44 43 
Time:Wed May 20 19:41:11 2015
02 37 45 30 31 03 45 30 
Time:Wed May 20 19:41:11 2015
02 38 45 30 34 03 45 34 
Time:Wed May 20 19:41:11 2015
02 38 45 30 34 03 45 34 
Time:Wed May 20 19:41:11 2015
02 38 45 30 34 03 45 34 
Time:Wed May 20 19:41:11 2015
02 38 45 30 34 03 45 34 
Time:Wed May 20 19:41:11 2015
02 38 45 30 34 03 45 34 
Time:Wed May 20 19:41:11 2015
02 38 45 30 34 03 45 34 
Time:Wed May 20 19:41:12 2015
02 42 43 30 32 03 45 41 
Time:Wed May 20 19:41:12 2015
02 38 32 30 30 03 43 44 
Time:Wed May 20 19:41:12 2015
02 37 38 30 30 03 44 32 
Time:Wed May 20 19:41:26 2015
02 38 45 30 34 03 45 34 
Time:Wed May 20 19:41:26 2015
02 43 36 30 32 03 44 45 
Time:Wed May 20 19:41:26 2015
02 34 34 30 30 03 43 42 
Time:Wed May 20 19:41:26 2015
02 34 35 30 30 03 43 43 
Time:Wed May 20 19:42:34 2015
02 43 37 30 34 03 45 31 
Time:Wed May 20 19:42:34 2015
02 44 32 30 34 03 44 44 
Time:Wed May 20 19:42:34 2015
02 44 42 30 34 03 45 44 
Time:Wed May 20 19:42:34 2015
02 44 31 30 34 03 44 43 
Time:Wed May 20 19:42:34 2015
02 37 45 30 31 03 45 30 
Time:Wed May 20 19:42:34 2015
02 38 45 30 34 03 45 34 
Time:Wed May 20 19:42:34 2015
02 38 45 30 34 03 45 34 
Time:Wed May 20 19:42:34 2015
02 38 45 30 34 03 45 34 
Time:Wed May 20 19:42:34 2015
02 38 45 30 34 03 45 34 
Time:Wed May 20 19:42:34 2015
02 38 45 30 34 03 45 34 
Time:Wed May 20 19:42:34 2015
02 38 45 30 34 03 45 34 
Time:Wed May 20 19:42:34 2015
02 42 43 30 32 03 45 41 
Time:Wed May 20 19:42:34 2015
02 38 32 30 30 03 43 44 
Time:Wed May 20 19:42:34 2015
02 37 38 30 30 03 44 32 
Time:Wed May 20 19:42:48 2015
02 38 45 30 34 03 45 34 
Time:Wed May 20 19:42:48 2015
02 43 36 30 32 03 44 45 
Time:Wed May 20 19:42:48 2015
02 34 34 30 30 03 43 42 
Time:Wed May 20 19:42:48 2015
02 34 35 30 30 03 43 43 
Time:Wed May 20 19:57:39 2015
02 43 37 30 34 03 45 31 
Time:Wed May 20 19:57:39 2015
02 44 32 30 34 03 44 44 
Time:Wed May 20 19:57:40 2015
02 44 42 30 34 03 45 44 
Time:Wed May 20 19:57:40 2015
02 44 31 30 34 03 44 43 
Time:Wed May 20 19:57:40 2015
02 37 45 30 31 03 45 30 
Time:Wed May 20 19:57:40 2015
02 38 45 30 34 03 45 34 
Time:Wed May 20 19:57:41 2015
02 38 45 30 34 03 45 34 
Time:Wed May 20 19:57:42 2015
02 38 45 30 34 03 45 34 
Time:Wed May 20 19:57:42 2015
02 38 45 30 34 03 45 34 
Time:Wed May 20 19:57:42 2015
02 38 45 30 34 03 45 34 
Time:Wed May 20 19:57:42 2015
02 38 45 30 34 03 45 34 
Time:Wed May 20 19:57:42 2015
02 42 43 30 32 03 45 41 
Time:Wed May 20 19:57:42 2015
02 38 32 30 30 03 43 44 
Time:Wed May 20 19:57:42 2015
02 37 38 30 30 03 44 32 
Time:Wed May 20 19:58:03 2015
02 43 37 30 34 03 45 31 
Time:Wed May 20 19:58:03 2015
02 44 32 30 34 03 44 44 
Time:Wed May 20 19:58:03 2015
02 44 42 30 34 03 45 44 
Time:Wed May 20 19:58:03 2015
02 44 31 30 34 03 44 43 
Time:Wed May 20 19:58:03 2015
02 37 45 30 31 03 45 30 
Time:Wed May 20 19:58:03 2015
02 38 45 30 34 03 45 34 
Time:Wed May 20 19:58:03 2015
02 38 45 30 34 03 45 34 
Time:Wed May 20 19:58:03 2015
02 38 45 30 34 03 45 34 
Time:Wed May 20 19:58:03 2015
02 38 45 30 34 03 45 34 
Time:Wed May 20 19:58:03 2015
02 38 45 30 34 03 45 34 
Time:Wed May 20 19:58:03 2015
02 38 45 30 34 03 45 34 
Time:Wed May 20 19:58:03 2015
02 42 43 30 32 03 45 41 
Time:Wed May 20 19:58:03 2015
02 38 32 30 30 03 43 44 
Time:Wed May 20 19:58:03 2015
02 37 38 30 30 03 44 32 
Time:Wed May 20 19:58:06 2015
02 38 45 30 34 03 45 34 
Time:Wed May 20 19:58:06 2015
02 44 30 30 32 03 44 39 
Time:Wed May 20 19:58:06 2015
02 34 33 30 30 03 43 41 
Time:Wed May 20 19:58:07 2015
02 34 36 30 30 03 43 44 
Time:Wed May 20 19:58:10 2015
02 38 45 30 34 03 45 34 
Time:Wed May 20 19:58:10 2015
02 43 36 30 32 03 44 45 
Time:Wed May 20 19:58:10 2015
02 34 34 30 30 03 43 42 
Time:Wed May 20 19:58:10 2015
02 34 35 30 30 03 43 43 
Time:Wed May 20 19:58:46 2015
02 43 37 30 34 03 45 31 
Time:Wed May 20 19:58:46 2015
02 44 32 30 34 03 44 44 
Time:Wed May 20 19:58:46 2015
02 44 42 30 34 03 45 44 
Time:Wed May 20 19:58:46 2015
02 44 31 30 34 03 44 43 
Time:Wed May 20 19:58:46 2015
02 37 45 30 31 03 45 30 
Time:Wed May 20 19:58:46 2015
02 38 45 30 34 03 45 34 
Time:Wed May 20 19:58:46 2015
02 38 45 30 34 03 45 34 
Time:Wed May 20 19:58:47 2015
02 38 45 30 34 03 45 34 
Time:Wed May 20 19:58:47 2015
02 38 45 30 34 03 45 34 
Time:Wed May 20 19:58:47 2015
02 38 45 30 34 03 45 34 
Time:Wed May 20 19:58:47 2015
02 38 45 30 34 03 45 34 
Time:Wed May 20 19:58:47 2015
02 42 43 30 32 03 45 41 
Time:Wed May 20 19:58:47 2015
02 38 32 30 30 03 43 44 
Time:Wed May 20 19:58:47 2015
02 37 38 30 30 03 44 32 
Time:Wed May 20 20:00:46 2015
02 43 37 30 34 03 45 31 
Time:Wed May 20 20:00:46 2015
02 44 32 30 34 03 44 44 
Time:Wed May 20 20:00:46 2015
02 44 42 30 34 03 45 44 
Time:Wed May 20 20:00:46 2015
02 44 31 30 34 03 44 43 
Time:Wed May 20 20:00:46 2015
02 37 45 30 31 03 45 30 
Time:Wed May 20 20:00:46 2015
02 38 45 30 34 03 45 34 
Time:Wed May 20 20:00:46 2015
02 38 45 30 34 03 45 34 
Time:Wed May 20 20:00:46 2015
02 38 45 30 34 03 45 34 
Time:Wed May 20 20:00:46 2015
02 38 45 30 34 03 45 34 
Time:Wed May 20 20:00:46 2015
02 38 45 30 34 03 45 34 
Time:Wed May 20 20:00:46 2015
02 38 45 30 34 03 45 34 
Time:Wed May 20 20:00:46 2015
02 42 43 30 32 03 45 41 
Time:Wed May 20 20:00:47 2015
02 38 32 30 30 03 43 44 
Time:Wed May 20 20:00:47 2015
02 37 38 30 30 03 44 32 
Time:Wed May 20 20:03:03 2015
02 43 37 30 34 03 45 31 
Time:Wed May 20 20:03:03 2015
02 44 32 30 34 03 44 44 
Time:Wed May 20 20:03:03 2015
02 44 42 30 34 03 45 44 
Time:Wed May 20 20:03:03 2015
02 44 31 30 34 03 44 43 
Time:Wed May 20 20:03:03 2015
02 37 45 30 31 03 45 30 
Time:Wed May 20 20:03:03 2015
02 38 45 30 34 03 45 34 
Time:Wed May 20 20:03:03 2015
02 38 45 30 34 03 45 34 
Time:Wed May 20 20:03:03 2015
02 38 45 30 34 03 45 34 
Time:Wed May 20 20:03:04 2015
02 38 45 30 34 03 45 34 
Time:Wed May 20 20:03:04 2015
02 38 45 30 34 03 45 34 
Time:Wed May 20 20:03:04 2015
02 38 45 30 34 03 45 34 
Time:Wed May 20 20:03:04 2015
02 42 43 30 32 03 45 41 
Time:Wed May 20 20:03:04 2015
02 38 32 30 30 03 43 44 
Time:Wed May 20 20:03:04 2015
02 37 38 30 30 03 44 32 
Time:Wed May 20 20:03:18 2015
02 38 45 30 34 03 45 34 
Time:Wed May 20 20:03:18 2015
02 43 36 30 32 03 44 45 
Time:Wed May 20 20:03:18 2015
02 34 34 30 30 03 43 42 
Time:Wed May 20 20:03:18 2015
02 34 35 30 30 03 43 43 
Time:Wed May 20 20:04:26 2015
02 43 37 30 34 03 45 31 
Time:Wed May 20 20:04:26 2015
02 44 32 30 34 03 44 44 
Time:Wed May 20 20:04:26 2015
02 44 42 30 34 03 45 44 
Time:Wed May 20 20:04:26 2015
02 44 31 30 34 03 44 43 
Time:Wed May 20 20:04:26 2015
02 37 45 30 31 03 45 30 
Time:Wed May 20 20:04:26 2015
02 38 45 30 34 03 45 34 
Time:Wed May 20 20:04:26 2015
02 38 45 30 34 03 45 34 
Time:Wed May 20 20:04:26 2015
02 38 45 30 34 03 45 34 
Time:Wed May 20 20:04:26 2015
02 38 45 30 34 03 45 34 
Time:Wed May 20 20:04:26 2015
02 38 45 30 34 03 45 34 
Time:Wed May 20 20:04:26 2015
02 38 45 30 34 03 45 34 
Time:Wed May 20 20:04:26 2015
02 42 43 30 32 03 45 41 
Time:Wed May 20 20:04:26 2015
02 38 32 30 30 03 43 44 
Time:Wed May 20 20:04:26 2015
02 37 38 30 30 03 44 32 
Time:Wed May 20 20:04:29 2015
02 38 45 30 34 03 45 34 
Time:Wed May 20 20:04:30 2015
02 44 30 30 32 03 44 39 
Time:Wed May 20 20:04:30 2015
02 34 33 30 30 03 43 41 
Time:Wed May 20 20:04:30 2015
02 34 36 30 30 03 43 44 
Time:Wed May 20 20:04:33 2015
02 38 45 30 34 03 45 34 
Time:Wed May 20 20:04:33 2015
02 43 36 30 32 03 44 45 
Time:Wed May 20 20:04:33 2015
02 34 34 30 30 03 43 42 
Time:Wed May 20 20:04:33 2015
02 34 35 30 30 03 43 43 
Time:Wed May 20 20:09:12 2015
02 43 37 30 34 03 45 31 
Time:Wed May 20 20:09:12 2015
02 44 32 30 34 03 44 44 
Time:Wed May 20 20:09:12 2015
02 44 42 30 34 03 45 44 
Time:Wed May 20 20:09:12 2015
02 44 31 30 34 03 44 43 
Time:Wed May 20 20:09:12 2015
02 37 45 30 31 03 45 30 
Time:Wed May 20 20:09:12 2015
02 38 45 30 34 03 45 34 
Time:Wed May 20 20:09:12 2015
02 38 45 30 34 03 45 34 
Time:Wed May 20 20:09:12 2015
02 38 45 30 34 03 45 34 
Time:Wed May 20 20:09:13 2015
02 38 45 30 34 03 45 34 
Time:Wed May 20 20:09:13 2015
02 38 45 30 34 03 45 34 
Time:Wed May 20 20:09:13 2015
02 38 45 30 34 03 45 34 
Time:Wed May 20 20:09:13 2015
02 42 43 30 32 03 45 41 
Time:Wed May 20 20:09:13 2015
02 38 32 30 30 03 43 44 
Time:Wed May 20 20:09:13 2015
02 37 38 30 30 03 44 32 
Time:Wed May 20 20:12:27 2015
02 43 37 30 34 03 45 31 
Time:Wed May 20 20:12:27 2015
02 44 32 30 34 03 44 44 
Time:Wed May 20 20:12:27 2015
02 44 42 30 34 03 45 44 
Time:Wed May 20 20:12:27 2015
02 44 31 30 34 03 44 43 
Time:Wed May 20 20:12:27 2015
02 37 45 30 31 03 45 30 
Time:Wed May 20 20:12:27 2015
02 38 45 30 34 03 45 34 
Time:Wed May 20 20:12:28 2015
02 38 45 30 34 03 45 34 
Time:Wed May 20 20:12:28 2015
02 38 45 30 34 03 45 34 
Time:Wed May 20 20:12:28 2015
02 38 45 30 34 03 45 34 
Time:Wed May 20 20:12:28 2015
02 38 45 30 34 03 45 34 
Time:Wed May 20 20:12:28 2015
02 38 45 30 34 03 45 34 
Time:Wed May 20 20:12:28 2015
02 42 43 30 32 03 45 41 
Time:Wed May 20 20:12:28 2015
02 38 32 30 30 03 43 44 
Time:Wed May 20 20:12:28 2015
02 37 38 30 30 03 44 32 
Time:Wed May 20 20:12:42 2015
02 38 45 30 34 03 45 34 
Time:Wed May 20 20:12:42 2015
02 43 36 30 32 03 44 45 
Time:Wed May 20 20:12:42 2015
02 34 34 30 30 03 43 42 
Time:Wed May 20 20:12:42 2015
02 34 35 30 30 03 43 43 
Time:Wed May 20 20:18:20 2015
02 43 37 30 34 03 45 31 
Time:Wed May 20 20:18:20 2015
02 44 32 30 34 03 44 44 
Time:Wed May 20 20:18:20 2015
02 44 42 30 34 03 45 44 
Time:Wed May 20 20:18:20 2015
02 44 31 30 34 03 44 43 
Time:Wed May 20 20:18:20 2015
02 37 45 30 31 03 45 30 
Time:Wed May 20 20:18:20 2015
02 38 45 30 34 03 45 34 
Time:Wed May 20 20:18:20 2015
02 38 45 30 34 03 45 34 
Time:Wed May 20 20:18:20 2015
02 38 45 30 34 03 45 34 
Time:Wed May 20 20:18:20 2015
02 38 45 30 34 03 45 34 
Time:Wed May 20 20:18:20 2015
02 38 45 30 34 03 45 34 
Time:Wed May 20 20:18:20 2015
02 38 45 30 34 03 45 34 
Time:Wed May 20 20:18:21 2015
02 42 43 30 32 03 45 41 
Time:Wed May 20 20:18:21 2015
02 38 32 30 30 03 43 44 
Time:Wed May 20 20:18:21 2015
02 37 38 30 30 03 44 32 
Time:Wed May 20 20:18:24 2015
02 38 45 30 34 03 45 34 
Time:Wed May 20 20:18:24 2015
02 44 30 30 32 03 44 39 
Time:Wed May 20 20:18:24 2015
02 34 33 30 30 03 43 41 
Time:Wed May 20 20:18:24 2015
02 34 36 30 30 03 43 44 
Time:Wed May 20 20:21:43 2015
02 44 42 30 34 03 45 44 
Time:Wed May 20 20:21:44 2015
02 44 31 30 34 03 44 43 
Time:Wed May 20 20:21:44 2015
02 37 45 30 31 03 45 30 
Time:Wed May 20 20:21:44 2015
02 38 45 30 34 03 45 34 
Time:Wed May 20 20:21:44 2015
02 38 45 30 34 03 45 34 
Time:Wed May 20 20:21:44 2015
02 38 45 30 34 03 45 34 
Time:Wed May 20 20:21:44 2015
02 38 45 30 34 03 45 34 
Time:Wed May 20 20:21:44 2015
02 38 45 30 34 03 45 34 
Time:Wed May 20 20:21:44 2015
02 38 45 30 34 03 45 34 
Time:Wed May 20 20:21:44 2015
02 42 43 30 32 03 45 41 
Time:Wed May 20 20:21:44 2015
02 38 32 30 30 03 43 44 
Time:Wed May 20 20:21:44 2015
02 37 38 30 30 03 44 32 
Time:Wed May 20 20:21:47 2015
02 38 45 30 34 03 45 34 
Time:Wed May 20 20:21:47 2015
02 44 30 30 32 03 44 39 
Time:Wed May 20 20:21:47 2015
02 34 33 30 30 03 43 41 
Time:Wed May 20 20:21:47 2015
02 34 36 30 30 03 43 44 
Time:Wed May 20 20:21:50 2015
02 38 45 30 34 03 45 34 
Time:Wed May 20 20:21:50 2015
02 43 36 30 32 03 44 45 
Time:Wed May 20 20:21:50 2015
02 34 34 30 30 03 43 42 
Time:Wed May 20 20:21:50 2015
02 34 35 30 30 03 43 43 
Time:Wed May 20 20:25:13 2015
02 43 37 30 34 03 45 31 
Time:Wed May 20 20:25:13 2015
02 44 32 30 34 03 44 44 
Time:Wed May 20 20:25:13 2015
02 44 42 30 34 03 45 44 
Time:Wed May 20 20:25:13 2015
02 44 31 30 34 03 44 43 
Time:Wed May 20 20:25:13 2015
02 37 45 30 31 03 45 30 
Time:Wed May 20 20:25:13 2015
02 38 45 30 34 03 45 34 
Time:Wed May 20 20:25:13 2015
02 38 45 30 34 03 45 34 
Time:Wed May 20 20:25:13 2015
02 38 45 30 34 03 45 34 
Time:Wed May 20 20:25:13 2015
02 38 45 30 34 03 45 34 
Time:Wed May 20 20:25:13 2015
02 38 45 30 34 03 45 34 
Time:Wed May 20 20:25:13 2015
02 38 45 30 34 03 45 34 
Time:Wed May 20 20:25:13 2015
02 42 43 30 32 03 45 41 
Time:Wed May 20 20:25:13 2015
02 38 32 30 30 03 43 44 
Time:Wed May 20 20:25:13 2015
02 37 38 30 30 03 44 32 
Time:Wed May 20 20:29:24 2015
02 43 37 30 34 03 45 31 
Time:Wed May 20 20:29:24 2015
02 44 32 30 34 03 44 44 
Time:Wed May 20 20:29:24 2015
02 44 42 30 34 03 45 44 
Time:Wed May 20 20:29:24 2015
02 44 31 30 34 03 44 43 
Time:Wed May 20 20:29:24 2015
02 37 45 30 31 03 45 30 
Time:Wed May 20 20:29:24 2015
02 38 45 30 34 03 45 34 
Time:Wed May 20 20:29:24 2015
02 38 45 30 34 03 45 34 
Time:Wed May 20 20:29:25 2015
02 38 45 30 34 03 45 34 
Time:Wed May 20 20:29:25 2015
02 38 45 30 34 03 45 34 
Time:Wed May 20 20:29:25 2015
02 38 45 30 34 03 45 34 
Time:Wed May 20 20:29:25 2015
02 38 45 30 34 03 45 34 
Time:Wed May 20 20:29:25 2015
02 42 43 30 32 03 45 41 
Time:Wed May 20 20:29:25 2015
02 38 32 30 30 03 43 44 
Time:Wed May 20 20:29:25 2015
02 37 38 30 30 03 44 32 
Time:Wed May 20 20:29:28 2015
02 38 45 30 34 03 45 34 
Time:Wed May 20 20:29:28 2015
02 44 30 30 32 03 44 39 
Time:Wed May 20 20:29:28 2015
02 34 33 30 30 03 43 41 
Time:Wed May 20 20:29:28 2015
02 34 36 30 30 03 43 44 
Time:Wed May 20 20:29:28 2015
02 38 45 30 34 03 45 34 
Time:Wed May 20 20:29:28 2015
02 43 36 30 32 03 44 45 
Time:Wed May 20 20:29:28 2015
02 34 34 30 30 03 43 42 
Time:Wed May 20 20:29:28 2015
02 34 35 30 30 03 43 43 
Time:Wed May 20 20:31:47 2015
02 43 37 30 34 03 45 31 
Time:Wed May 20 20:31:47 2015
02 44 32 30 34 03 44 44 
Time:Wed May 20 20:31:47 2015
02 44 42 30 34 03 45 44 
Time:Wed May 20 20:31:47 2015
02 44 31 30 34 03 44 43 
Time:Wed May 20 20:31:47 2015
02 37 45 30 31 03 45 30 
Time:Wed May 20 20:31:47 2015
02 38 45 30 34 03 45 34 
Time:Wed May 20 20:31:47 2015
02 38 45 30 34 03 45 34 
Time:Wed May 20 20:31:47 2015
02 38 45 30 34 03 45 34 
Time:Wed May 20 20:31:47 2015
02 38 45 30 34 03 45 34 
Time:Wed May 20 20:31:47 2015
02 38 45 30 34 03 45 34 
Time:Wed May 20 20:31:47 2015
02 38 45 30 34 03 45 34 
Time:Wed May 20 20:31:47 2015
02 42 43 30 32 03 45 41 
Time:Wed May 20 20:31:47 2015
02 38 32 30 30 03 43 44 
Time:Wed May 20 20:31:47 2015
02 37 38 30 30 03 44 32 
Time:Wed May 20 20:31:50 2015
02 38 45 30 34 03 45 34 
Time:Wed May 20 20:31:50 2015
02 44 30 30 32 03 44 39 
Time:Wed May 20 20:31:51 2015
02 34 33 30 30 03 43 41 
Time:Wed May 20 20:31:51 2015
02 34 36 30 30 03 43 44 
Time:Wed May 20 20:31:51 2015
02 38 45 30 34 03 45 34 
Time:Wed May 20 20:31:51 2015
02 43 36 30 32 03 44 45 
Time:Wed May 20 20:31:51 2015
02 34 34 30 30 03 43 42 
Time:Wed May 20 20:31:51 2015
02 34 35 30 30 03 43 43 
Time:Wed May 20 20:37:44 2015
02 43 37 30 34 03 45 31 
Time:Wed May 20 20:37:44 2015
02 44 32 30 34 03 44 44 
Time:Wed May 20 20:37:44 2015
02 44 42 30 34 03 45 44 
Time:Wed May 20 20:37:44 2015
02 44 31 30 34 03 44 43 
Time:Wed May 20 20:37:44 2015
02 37 45 30 31 03 45 30 
Time:Wed May 20 20:37:44 2015
02 38 45 30 34 03 45 34 
Time:Wed May 20 20:37:44 2015
02 38 45 30 34 03 45 34 
Time:Wed May 20 20:37:44 2015
02 38 45 30 34 03 45 34 
Time:Wed May 20 20:37:44 2015
02 38 45 30 34 03 45 34 
Time:Wed May 20 20:37:44 2015
02 38 45 30 34 03 45 34 
Time:Wed May 20 20:37:45 2015
02 38 45 30 34 03 45 34 
Time:Wed May 20 20:37:45 2015
02 42 43 30 32 03 45 41 
Time:Wed May 20 20:37:45 2015
02 38 32 30 30 03 43 44 
Time:Wed May 20 20:37:45 2015
02 37 38 30 30 03 44 32 
Time:Wed May 20 20:37:48 2015
02 38 45 30 34 03 45 34 
Time:Wed May 20 20:37:48 2015
02 44 30 30 32 03 44 39 
Time:Wed May 20 20:37:48 2015
02 34 33 30 30 03 43 41 
Time:Wed May 20 20:37:48 2015
02 34 36 30 30 03 43 44 
Time:Wed May 20 20:37:48 2015
02 38 45 30 34 03 45 34 
Time:Wed May 20 20:37:48 2015
02 43 36 30 32 03 44 45 
Time:Wed May 20 20:37:48 2015
02 34 34 30 30 03 43 42 
Time:Wed May 20 20:37:48 2015
02 34 35 30 30 03 43 43 
Time:Wed May 20 20:42:41 2015
02 43 37 30 34 03 45 31 
Time:Wed May 20 20:42:41 2015
02 44 32 30 34 03 44 44 
Time:Wed May 20 20:42:41 2015
02 44 42 30 34 03 45 44 
Time:Wed May 20 20:42:41 2015
02 44 31 30 34 03 44 43 
Time:Wed May 20 20:42:41 2015
02 37 45 30 31 03 45 30 
Time:Wed May 20 20:42:41 2015
02 38 45 30 34 03 45 34 
Time:Wed May 20 20:42:41 2015
02 38 45 30 34 03 45 34 
Time:Wed May 20 20:42:41 2015
02 38 45 30 34 03 45 34 
Time:Wed May 20 20:42:41 2015
02 38 45 30 34 03 45 34 
Time:Wed May 20 20:42:42 2015
02 38 45 30 34 03 45 34 
Time:Wed May 20 20:42:42 2015
02 38 45 30 34 03 45 34 
Time:Wed May 20 20:42:42 2015
02 42 43 30 32 03 45 41 
Time:Wed May 20 20:42:42 2015
02 38 32 30 30 03 43 44 
Time:Wed May 20 20:42:42 2015
02 37 38 30 30 03 44 32 
Time:Wed May 20 20:42:45 2015
02 38 45 30 34 03 45 34 
Time:Wed May 20 20:42:45 2015
02 44 30 30 32 03 44 39 
Time:Wed May 20 20:42:45 2015
02 34 33 30 30 03 43 41 
Time:Wed May 20 20:42:45 2015
02 34 36 30 30 03 43 44 
Time:Wed May 20 20:42:45 2015
02 38 45 30 34 03 45 34 
Time:Wed May 20 20:42:45 2015
02 43 36 30 32 03 44 45 
Time:Wed May 20 20:42:45 2015
02 34 34 30 30 03 43 42 
Time:Wed May 20 20:42:45 2015
02 34 35 30 30 03 43 43 
Time:Wed May 20 20:43:24 2015
02 43 37 30 34 03 45 31 
Time:Wed May 20 20:43:24 2015
02 44 32 30 34 03 44 44 
Time:Wed May 20 20:43:24 2015
02 44 42 30 34 03 45 44 
Time:Wed May 20 20:43:25 2015
02 44 31 30 34 03 44 43 
Time:Wed May 20 20:43:25 2015
02 37 45 30 31 03 45 30 
Time:Wed May 20 20:43:25 2015
02 38 45 30 34 03 45 34 
Time:Wed May 20 20:43:25 2015
02 38 45 30 34 03 45 34 
Time:Wed May 20 20:43:25 2015
02 38 45 30 34 03 45 34 
Time:Wed May 20 20:43:25 2015
02 38 45 30 34 03 45 34 
Time:Wed May 20 20:43:25 2015
02 38 45 30 34 03 45 34 
Time:Wed May 20 20:43:25 2015
02 38 45 30 34 03 45 34 
Time:Wed May 20 20:43:25 2015
02 42 43 30 32 03 45 41 
Time:Wed May 20 20:43:25 2015
02 38 32 30 30 03 43 44 
Time:Wed May 20 20:43:25 2015
02 37 38 30 30 03 44 32 
Time:Wed May 20 20:43:28 2015
02 38 45 30 34 03 45 34 
Time:Wed May 20 20:43:28 2015
02 44 30 30 32 03 44 39 
Time:Wed May 20 20:43:28 2015
02 34 33 30 30 03 43 41 
Time:Wed May 20 20:43:28 2015
02 34 36 30 30 03 43 44 
Time:Wed May 20 20:43:28 2015
02 38 45 30 34 03 45 34 
Time:Wed May 20 20:43:28 2015
02 43 36 30 32 03 44 45 
Time:Wed May 20 20:43:28 2015
02 34 34 30 30 03 43 42 
Time:Wed May 20 20:43:28 2015
02 34 35 30 30 03 43 43 
Time:Wed May 20 20:47:14 2015
02 43 37 30 34 03 45 31 
Time:Wed May 20 20:47:14 2015
02 44 32 30 34 03 44 44 
Time:Wed May 20 20:47:15 2015
02 44 42 30 34 03 45 44 
Time:Wed May 20 20:47:15 2015
02 44 31 30 34 03 44 43 
Time:Wed May 20 20:47:15 2015
02 37 45 30 31 03 45 30 
Time:Wed May 20 20:47:15 2015
02 38 45 30 34 03 45 34 
Time:Wed May 20 20:47:15 2015
02 38 45 30 34 03 45 34 
Time:Wed May 20 20:47:15 2015
02 38 45 30 34 03 45 34 
Time:Wed May 20 20:47:15 2015
02 38 45 30 34 03 45 34 
Time:Wed May 20 20:47:15 2015
02 38 45 30 34 03 45 34 
Time:Wed May 20 20:47:15 2015
02 38 45 30 34 03 45 34 
Time:Wed May 20 20:47:15 2015
02 42 43 30 32 03 45 41 
Time:Wed May 20 20:47:15 2015
02 38 32 30 30 03 43 44 
Time:Wed May 20 20:47:15 2015
02 37 38 30 30 03 44 32 
Time:Wed May 20 20:47:18 2015
02 38 45 30 34 03 45 34 
Time:Wed May 20 20:47:18 2015
02 44 30 30 32 03 44 39 
Time:Wed May 20 20:47:18 2015
02 34 33 30 30 03 43 41 
Time:Wed May 20 20:47:18 2015
02 34 36 30 30 03 43 44 
Time:Wed May 20 20:47:18 2015
02 38 45 30 34 03 45 34 
Time:Wed May 20 20:47:18 2015
02 43 36 30 32 03 44 45 
Time:Wed May 20 20:47:18 2015
02 34 34 30 30 03 43 42 
Time:Wed May 20 20:47:18 2015
02 34 35 30 30 03 43 43 
Time:Wed May 20 20:51:46 2015
02 43 37 30 34 03 45 31 
Time:Wed May 20 20:51:46 2015
02 44 32 30 34 03 44 44 
Time:Wed May 20 20:51:46 2015
02 44 42 30 34 03 45 44 
Time:Wed May 20 20:51:46 2015
02 44 31 30 34 03 44 43 
Time:Wed May 20 20:51:46 2015
02 37 45 30 31 03 45 30 
Time:Wed May 20 20:51:46 2015
02 38 45 30 34 03 45 34 
Time:Wed May 20 20:51:47 2015
02 38 45 30 34 03 45 34 
Time:Wed May 20 20:51:47 2015
02 38 45 30 34 03 45 34 
Time:Wed May 20 20:51:47 2015
02 38 45 30 34 03 45 34 
Time:Wed May 20 20:51:47 2015
02 38 45 30 34 03 45 34 
Time:Wed May 20 20:51:47 2015
02 38 45 30 34 03 45 34 
Time:Wed May 20 20:51:47 2015
02 42 43 30 32 03 45 41 
Time:Wed May 20 20:51:47 2015
02 38 32 30 30 03 43 44 
Time:Wed May 20 20:51:47 2015
02 37 38 30 30 03 44 32 
Time:Wed May 20 20:51:50 2015
02 38 45 30 34 03 45 34 
Time:Wed May 20 20:51:50 2015
02 44 30 30 32 03 44 39 
Time:Wed May 20 20:51:50 2015
02 34 33 30 30 03 43 41 
Time:Wed May 20 20:51:50 2015
02 34 36 30 30 03 43 44 
Time:Wed May 20 20:51:50 2015
02 38 45 30 34 03 45 34 
Time:Wed May 20 20:51:50 2015
02 43 36 30 32 03 44 45 
Time:Wed May 20 20:51:51 2015
02 34 34 30 30 03 43 42 
Time:Wed May 20 20:51:51 2015
02 34 35 30 30 03 43 43 
Time:Wed May 20 20:55:10 2015
02 43 37 30 34 03 45 31 
Time:Wed May 20 20:55:10 2015
02 44 32 30 34 03 44 44 
Time:Wed May 20 20:55:10 2015
02 44 42 30 34 03 45 44 
Time:Wed May 20 20:55:10 2015
02 44 31 30 34 03 44 43 
Time:Wed May 20 20:55:10 2015
02 37 45 30 31 03 45 30 
Time:Wed May 20 20:55:10 2015
02 38 45 30 34 03 45 34 
Time:Wed May 20 20:55:10 2015
02 38 45 30 34 03 45 34 
Time:Wed May 20 20:55:11 2015
02 38 45 30 34 03 45 34 
Time:Wed May 20 20:55:11 2015
02 38 45 30 34 03 45 34 
Time:Wed May 20 20:55:11 2015
02 38 45 30 34 03 45 34 
Time:Wed May 20 20:55:11 2015
02 38 45 30 34 03 45 34 
Time:Wed May 20 20:55:11 2015
02 42 43 30 32 03 45 41 
Time:Wed May 20 20:55:11 2015
02 38 32 30 30 03 43 44 
Time:Wed May 20 20:55:11 2015
02 37 38 30 30 03 44 32 
Time:Wed May 20 20:55:14 2015
02 38 45 30 34 03 45 34 
Time:Wed May 20 20:55:14 2015
02 44 30 30 32 03 44 39 
Time:Wed May 20 20:55:14 2015
02 34 33 30 30 03 43 41 
Time:Wed May 20 20:55:14 2015
02 34 36 30 30 03 43 44 
Time:Wed May 20 20:55:14 2015
02 38 45 30 34 03 45 34 
Time:Wed May 20 20:55:14 2015
02 43 36 30 32 03 44 45 
Time:Wed May 20 20:55:14 2015
02 34 34 30 30 03 43 42 
Time:Wed May 20 20:55:14 2015
02 34 35 30 30 03 43 43 
Time:Wed May 20 20:59:57 2015
02 44 42 30 34 03 45 44 
Time:Wed May 20 20:59:58 2015
02 44 31 30 34 03 44 43 
Time:Wed May 20 20:59:58 2015
02 37 45 30 31 03 45 30 
Time:Wed May 20 20:59:59 2015
02 38 45 30 34 03 45 34 
Time:Wed May 20 20:59:59 2015
02 38 45 30 34 03 45 34 
Time:Wed May 20 20:59:59 2015
02 38 45 30 34 03 45 34 
Time:Wed May 20 20:59:59 2015
02 38 45 30 34 03 45 34 
Time:Wed May 20 20:59:59 2015
02 38 45 30 34 03 45 34 
Time:Wed May 20 20:59:59 2015
02 38 45 30 34 03 45 34 
Time:Wed May 20 20:59:59 2015
02 42 43 30 32 03 45 41 
Time:Wed May 20 20:59:59 2015
02 38 32 30 30 03 43 44 
Time:Wed May 20 20:59:59 2015
02 37 38 30 30 03 44 32 
Time:Wed May 20 21:00:02 2015
02 38 45 30 34 03 45 34 
Time:Wed May 20 21:00:02 2015
02 44 30 30 32 03 44 39 
Time:Wed May 20 21:00:02 2015
02 34 33 30 30 03 43 41 
Time:Wed May 20 21:00:02 2015
02 34 36 30 30 03 43 44 
Time:Wed May 20 21:00:02 2015
02 38 45 30 34 03 45 34 
Time:Wed May 20 21:00:02 2015
02 43 36 30 32 03 44 45 
Time:Wed May 20 21:00:02 2015
02 34 34 30 30 03 43 42 
Time:Wed May 20 21:00:02 2015
02 34 35 30 30 03 43 43 
Time:Wed May 20 21:10:36 2015
02 44 42 30 34 03 45 44 
Time:Wed May 20 21:10:37 2015
02 44 31 30 34 03 44 43 
Time:Wed May 20 21:10:37 2015
02 37 45 30 31 03 45 30 
Time:Wed May 20 21:10:37 2015
02 38 45 30 34 03 45 34 
Time:Wed May 20 21:10:37 2015
02 38 45 30 34 03 45 34 
Time:Wed May 20 21:10:37 2015
02 38 45 30 34 03 45 34 
Time:Wed May 20 21:10:37 2015
02 38 45 30 34 03 45 34 
Time:Wed May 20 21:10:37 2015
02 38 45 30 34 03 45 34 
Time:Wed May 20 21:10:37 2015
02 38 45 30 34 03 45 34 
Time:Wed May 20 21:10:37 2015
02 42 43 30 32 03 45 41 
Time:Wed May 20 21:10:37 2015
02 38 32 30 30 03 43 44 
Time:Wed May 20 21:10:37 2015
02 37 38 30 30 03 44 32 
Time:Wed May 20 21:10:40 2015
02 38 45 30 34 03 45 34 
Time:Wed May 20 21:10:40 2015
02 44 30 30 32 03 44 39 
Time:Wed May 20 21:10:40 2015
02 34 33 30 30 03 43 41 
Time:Wed May 20 21:10:40 2015
02 34 36 30 30 03 43 44 
Time:Wed May 20 21:10:40 2015
02 38 45 30 34 03 45 34 
Time:Wed May 20 21:10:40 2015
02 43 36 30 32 03 44 45 
Time:Wed May 20 21:10:40 2015
02 34 34 30 30 03 43 42 
Time:Wed May 20 21:10:41 2015
02 34 35 30 30 03 43 43 
Time:Wed May 20 21:12:48 2015
02 43 37 30 34 03 45 31 
Time:Wed May 20 21:12:48 2015
02 44 32 30 34 03 44 44 
Time:Wed May 20 21:12:48 2015
02 44 42 30 34 03 45 44 
Time:Wed May 20 21:12:48 2015
02 44 31 30 34 03 44 43 
Time:Wed May 20 21:12:48 2015
02 37 45 30 31 03 45 30 
Time:Wed May 20 21:12:48 2015
02 38 45 30 34 03 45 34 
Time:Wed May 20 21:12:48 2015
02 38 45 30 34 03 45 34 
Time:Wed May 20 21:12:48 2015
02 38 45 30 34 03 45 34 
Time:Wed May 20 21:12:48 2015
02 38 45 30 34 03 45 34 
Time:Wed May 20 21:12:48 2015
02 38 45 30 34 03 45 34 
Time:Wed May 20 21:12:48 2015
02 38 45 30 34 03 45 34 
Time:Wed May 20 21:12:48 2015
02 42 43 30 32 03 45 41 
Time:Wed May 20 21:12:48 2015
02 38 32 30 30 03 43 44 
Time:Wed May 20 21:12:48 2015
02 37 38 30 30 03 44 32 
Time:Wed May 20 21:12:51 2015
02 38 45 30 34 03 45 34 
Time:Wed May 20 21:12:52 2015
02 44 30 30 32 03 44 39 
Time:Wed May 20 21:12:52 2015
02 34 33 30 30 03 43 41 
Time:Wed May 20 21:12:52 2015
02 34 36 30 30 03 43 44 
Time:Wed May 20 21:12:52 2015
02 38 45 30 34 03 45 34 
Time:Wed May 20 21:12:52 2015
02 43 36 30 32 03 44 45 
Time:Wed May 20 21:12:52 2015
02 34 34 30 30 03 43 42 
Time:Wed May 20 21:12:52 2015
02 34 35 30 30 03 43 43 
Time:Wed May 20 21:15:43 2015
02 44 42 30 34 03 45 44 
Time:Wed May 20 21:15:44 2015
02 44 31 30 34 03 44 43 
Time:Wed May 20 21:15:44 2015
02 37 45 30 31 03 45 30 
Time:Wed May 20 21:15:44 2015
02 38 45 30 34 03 45 34 
Time:Wed May 20 21:15:44 2015
02 38 45 30 34 03 45 34 
Time:Wed May 20 21:15:44 2015
02 38 45 30 34 03 45 34 
Time:Wed May 20 21:15:44 2015
02 38 45 30 34 03 45 34 
Time:Wed May 20 21:15:44 2015
02 38 45 30 34 03 45 34 
Time:Wed May 20 21:15:44 2015
02 38 45 30 34 03 45 34 
Time:Wed May 20 21:15:44 2015
02 42 43 30 32 03 45 41 
Time:Wed May 20 21:15:44 2015
02 38 32 30 30 03 43 44 
Time:Wed May 20 21:15:45 2015
02 37 38 30 30 03 44 32 
Time:Wed May 20 21:15:48 2015
02 38 45 30 34 03 45 34 
Time:Wed May 20 21:15:48 2015
02 44 30 30 32 03 44 39 
Time:Wed May 20 21:15:48 2015
02 34 33 30 30 03 43 41 
Time:Wed May 20 21:15:48 2015
02 34 36 30 30 03 43 44 
Time:Wed May 20 21:15:48 2015
02 38 45 30 34 03 45 34 
Time:Wed May 20 21:15:48 2015
02 43 36 30 32 03 44 45 
Time:Wed May 20 21:15:48 2015
02 34 34 30 30 03 43 42 
Time:Wed May 20 21:15:48 2015
02 34 35 30 30 03 43 43 
Time:Wed May 20 21:17:13 2015
02 43 37 30 34 03 45 31 
Time:Wed May 20 21:17:13 2015
02 44 32 30 34 03 44 44 
Time:Wed May 20 21:17:13 2015
02 44 42 30 34 03 45 44 
Time:Wed May 20 21:17:13 2015
02 44 31 30 34 03 44 43 
Time:Wed May 20 21:17:13 2015
02 37 45 30 31 03 45 30 
Time:Wed May 20 21:17:13 2015
02 38 45 30 34 03 45 34 
Time:Wed May 20 21:17:13 2015
02 38 45 30 34 03 45 34 
Time:Wed May 20 21:17:13 2015
02 38 45 30 34 03 45 34 
Time:Wed May 20 21:17:13 2015
02 38 45 30 34 03 45 34 
Time:Wed May 20 21:17:13 2015
02 38 45 30 34 03 45 34 
Time:Wed May 20 21:17:13 2015
02 38 45 30 34 03 45 34 
Time:Wed May 20 21:17:13 2015
02 42 43 30 32 03 45 41 
Time:Wed May 20 21:17:13 2015
02 38 32 30 30 03 43 44 
Time:Wed May 20 21:17:13 2015
02 37 38 30 30 03 44 32 
Time:Wed May 20 21:17:16 2015
02 38 45 30 34 03 45 34 
Time:Wed May 20 21:17:16 2015
02 44 30 30 32 03 44 39 
Time:Wed May 20 21:17:16 2015
02 34 33 30 30 03 43 41 
Time:Wed May 20 21:17:16 2015
02 34 36 30 30 03 43 44 
Time:Wed May 20 21:17:16 2015
02 38 45 30 34 03 45 34 
Time:Wed May 20 21:17:16 2015
02 43 36 30 32 03 44 45 
Time:Wed May 20 21:17:16 2015
02 34 34 30 30 03 43 42 
Time:Wed May 20 21:17:17 2015
02 34 35 30 30 03 43 43 
