Wed Jan 14 15:44:21 2015
Room1 Light:
1190.00	1200.00	1210.00	1220.00	
Room1:
12.00	-18.81	-18.70	-18.48	-18.37	-18.26	-18.15	10.80	nan	nan	
Room2:
-17.71	11.20	nan	nan	
Room3:
-17.27	11.60	nan	nan	

Wed Jan 14 15:44:33 2015
Room1 Light:
1190.00	1200.00	1210.00	1220.00	
Room1:
12.00	-18.81	-18.70	-18.48	-18.37	-18.26	-18.15	10.80	nan	nan	
Room2:
-17.71	11.20	nan	nan	
Room3:
-17.27	11.60	nan	nan	

Wed Jan 14 15:44:44 2015
Room1 Light:
1190.00	1200.00	1210.00	1220.00	
Room1:
12.00	-18.81	-18.70	-18.48	-18.37	-18.26	-18.15	10.80	nan	nan	
Room2:
-17.71	11.20	nan	nan	
Room3:
-17.27	11.60	nan	nan	

Wed Jan 14 15:44:56 2015
Room1 Light:
1190.00	1200.00	1210.00	1220.00	
Room1:
12.00	-18.81	-18.70	-18.48	-18.37	-18.26	-18.15	10.80	nan	nan	
Room2:
-17.71	11.20	nan	nan	
Room3:
-17.27	11.60	nan	nan	

Wed Jan 14 15:45:07 2015
Room1 Light:
1190.00	1200.00	1210.00	1220.00	
Room1:
12.00	-18.81	-18.70	-18.48	-18.37	-18.26	-18.15	10.80	nan	nan	
Room2:
-17.71	11.20	nan	nan	
Room3:
-17.27	11.60	nan	nan	

Wed Jan 14 15:45:19 2015
Room1 Light:
1190.00	1200.00	1210.00	1220.00	
Room1:
12.00	-18.81	-18.70	-18.48	-18.37	-18.26	-18.15	10.80	nan	nan	
Room2:
-17.71	11.20	nan	nan	
Room3:
-17.27	11.60	nan	nan	

Wed Jan 14 15:45:31 2015
Room1 Light:
1190.00	1200.00	1210.00	1220.00	
Room1:
12.00	-18.81	-18.70	-18.48	-18.37	-18.26	-18.15	10.80	nan	nan	
Room2:
-17.71	11.20	nan	nan	
Room3:
-17.27	11.60	nan	nan	

Wed Jan 14 15:45:42 2015
Room1 Light:
1190.00	1200.00	1210.00	1220.00	
Room1:
12.00	-18.81	-18.70	-18.48	-18.37	-18.26	-18.15	10.80	nan	nan	
Room2:
-17.71	11.20	nan	nan	
Room3:
-17.27	11.60	nan	nan	

Wed Jan 14 16:29:29 2015
Room1 Light:
1190.00	1200.00	1210.00	1220.00	
Room1:
12.00	-18.81	-18.70	-18.48	-18.37	-18.26	-18.15	10.80	nan	nan	
Room2:
-17.71	11.20	nan	nan	
Room3:
-17.27	11.60	nan	nan	

Wed Jan 14 16:30:35 2015
Room1 Light:
1190.00	1200.00	1210.00	1220.00	
Room1:
12.00	-18.81	-18.70	-18.48	-18.37	-18.26	-18.15	10.80	nan	nan	
Room2:
-17.71	11.20	nan	nan	
Room3:
-17.27	11.60	nan	nan	

Wed Jan 14 16:30:46 2015
Room1 Light:
1190.00	1200.00	1210.00	1220.00	
Room1:
12.00	-18.81	-18.70	-18.48	-18.37	-18.26	-18.15	10.80	nan	nan	
Room2:
-17.71	11.20	nan	nan	
Room3:
-17.27	11.60	nan	nan	

Wed Jan 14 16:30:58 2015
Room1 Light:
1190.00	1200.00	1210.00	1220.00	
Room1:
12.00	-18.81	-18.70	-18.48	-18.37	-18.26	-18.15	10.80	nan	nan	
Room2:
-17.71	11.20	nan	nan	
Room3:
-17.27	11.60	nan	nan	

Wed Jan 14 16:31:10 2015
Room1 Light:
1190.00	1200.00	1210.00	1220.00	
Room1:
12.00	-18.81	-18.70	-18.48	-18.37	-18.26	-18.15	10.80	nan	nan	
Room2:
-17.71	11.20	nan	nan	
Room3:
-17.27	11.60	nan	nan	

Wed Jan 14 16:31:21 2015
Room1 Light:
1190.00	1200.00	1210.00	1220.00	
Room1:
12.00	-18.81	-18.70	-18.48	-18.37	-18.26	-18.15	10.80	nan	nan	
Room2:
-17.71	11.20	nan	nan	
Room3:
-17.27	11.60	nan	nan	

Wed Jan 14 16:31:33 2015
Room1 Light:
1190.00	1200.00	1210.00	1220.00	
Room1:
12.00	-18.81	-18.70	-18.48	-18.37	-18.26	-18.15	10.80	nan	nan	
Room2:
-17.71	11.20	nan	nan	
Room3:
-17.27	11.60	nan	nan	

Wed Jan 14 16:31:45 2015
Room1 Light:
1190.00	1200.00	1210.00	1220.00	
Room1:
12.00	-18.81	-18.70	-18.48	-18.37	-18.26	-18.15	10.80	nan	nan	
Room2:
-17.71	11.20	nan	nan	
Room3:
-17.27	11.60	nan	nan	

Wed Jan 14 16:31:56 2015
Room1 Light:
1190.00	1200.00	1210.00	1220.00	
Room1:
12.00	-18.81	-18.70	-18.48	-18.37	-18.26	-18.15	10.80	nan	nan	
Room2:
-17.71	11.20	nan	nan	
Room3:
-17.27	11.60	nan	nan	

Wed Jan 14 16:32:08 2015
Room1 Light:
1190.00	1200.00	1210.00	1220.00	
Room1:
12.00	-18.81	-18.70	-18.48	-18.37	-18.26	-18.15	10.80	nan	nan	
Room2:
-17.71	11.20	nan	nan	
Room3:
-17.27	11.60	nan	nan	

Wed Jan 14 16:32:19 2015
Room1 Light:
1190.00	1200.00	1210.00	1220.00	
Room1:
12.00	-18.81	-18.70	-18.48	-18.37	-18.26	-18.15	10.80	nan	nan	
Room2:
-17.71	11.20	nan	nan	
Room3:
-17.27	11.60	nan	nan	

Fri Jan 23 13:39:16 2015
Room1 Light:
1190.00	1200.00	1210.00	1220.00	
Room1:
12.00	-18.81	-18.70	-18.48	-18.37	-18.26	-18.15	10.80	nan	nan	
Room2:
-17.71	11.20	nan	nan	
Room3:
-17.27	11.60	nan	nan	

Fri Jan 23 13:40:00 2015
Room1 Light:
Fri Jan 23 13:40:29 2015
Room1 Light:
1190.00	1200.00	1210.00	1220.00	
Room1:
12.00	-18.81	-18.70	-18.48	-18.37	-18.26	-18.15	10.80	nan	nan	
Room2:
-17.71	11.20	nan	nan	
Room3:
-17.27	11.60	nan	nan	

Fri Jan 23 13:40:57 2015
Room1 Light:
Fri Jan 23 13:42:11 2015
Room1 Light:
1190.00	1200.00	1210.00	1220.00	
Room1:
12.00	-18.81	-18.70	-18.48	-18.37	-18.26	-18.15	10.80	nan	nan	
Room2:
-17.71	11.20	nan	nan	
Room3:
-17.27	11.60	nan	nan	

Fri Jan 23 13:42:41 2015
Room1 Light:
Fri Jan 23 13:42:45 2015
Room1 Light:
1190.00	1200.00	1210.00	1220.00	
Room1:
12.00	-18.81	-18.70	-18.48	-18.37	-18.26	-18.15	10.80	nan	nan	
Room2:
-17.71	11.20	nan	nan	
Room3:
-17.27	11.60	nan	nan	

Fri Jan 23 13:44:34 2015
Room1 Light:
Fri Jan 23 13:45:14 2015
Room1 Light:
1190.00	1200.00	1210.00	1220.00	
Room1:
12.00	-18.81	-18.70	-18.48	-18.37	-18.26	-18.15	10.80	nan	nan	
Room2:
-17.71	11.20	nan	nan	
Room3:
-17.27	11.60	nan	nan	

Fri Jan 23 13:46:05 2015
Room1 Light:
Fri Jan 23 13:47:04 2015
Room1 Light:
1190.00	1200.00	1210.00	1220.00	
Room1:
12.00	-18.81	-18.70	-18.48	-18.37	-18.26	-18.15	10.80	nan	nan	
Room2:
-17.71	11.20	nan	nan	
Room3:
-17.27	11.60	nan	nan	

Fri Jan 23 13:47:16 2015
Room1 Light:
Fri Jan 23 13:49:16 2015
Room1 Light:
1190.00	1200.00	1210.00	1220.00	
Room1:
12.00	-18.81	-18.70	-18.48	-18.37	-18.26	-18.15	10.80	nan	nan	
Room2:
-17.71	11.20	nan	nan	
Room3:
-17.27	11.60	nan	nan	

Fri Jan 23 13:49:44 2015
Room1 Light:
Fri Jan 23 13:51:23 2015
Room1 Light:
1190.00	1200.00	1210.00	1220.00	
Room1:
12.00	-18.81	-18.70	-18.48	-18.37	-18.26	-18.15	10.80	nan	nan	
Room2:
-17.71	11.20	nan	nan	
Room3:
-17.27	11.60	nan	nan	

Fri Jan 23 13:52:41 2015
Room1 Light:
Fri Jan 23 13:53:25 2015
Room1 Light:
1190.00	1200.00	1210.00	1220.00	
Room1:
12.00	-18.81	-18.70	-18.48	-18.37	-18.26	-18.15	10.80	nan	nan	
Room2:
-17.71	11.20	nan	nan	
Room3:
-17.27	11.60	nan	nan	

Fri Jan 23 13:54:07 2015
Room1 Light:
Fri Jan 23 13:56:21 2015
Room1 Light:
1190.00	1200.00	1210.00	1220.00	
Room1:
12.00	-18.81	-18.70	-18.48	-18.37	-18.26	-18.15	10.80	nan	nan	
Room2:
-17.71	11.20	nan	nan	
Room3:
-17.27	11.60	nan	nan	

Fri Jan 23 13:56:57 2015
Room1 Light:
Fri Jan 23 13:59:11 2015
Room1 Light:
1190.00	1200.00	1210.00	1220.00	
Room1:
12.00	-18.81	-18.70	-18.48	-18.37	-18.26	-18.15	10.80	nan	nan	
Room2:
-17.71	11.20	nan	nan	
Room3:
-17.27	11.60	nan	nan	

Fri Jan 23 14:09:00 2015
Room1 Light:
1190.00	1200.00	1210.00	1220.00	
Room1:
12.00	-18.81	-18.70	-18.48	-18.37	-18.26	-18.15	10.80	nan	nan	
Room2:
-17.71	11.20	nan	nan	
Room3:
-17.27	11.60	nan	nan	

Fri Jan 23 14:10:16 2015
Room1 Light:
1190.00	1200.00	1210.00	1220.00	
Room1:
12.00	-18.81	-18.70	-18.48	-18.37	-18.26	-18.15	10.80	nan	nan	
Room2:
-17.71	11.20	nan	nan	
Room3:
-17.27	11.60	nan	nan	

Fri Jan 23 14:11:01 2015
Room1 Light:
Fri Jan 23 14:21:07 2015
Room1 Light:
1190.00	1200.00	1210.00	1220.00	
Room1:
12.00	-18.81	-18.70	-18.48	-18.37	-18.26	-18.15	10.80	nan	nan	
Room2:
-17.71	11.20	nan	nan	
Room3:
-17.27	11.60	nan	nan	

Fri Jan 23 14:22:49 2015
Room1 Light:
Fri Jan 23 14:25:05 2015
Room1 Light:
1190.00	1200.00	1210.00	1220.00	
Room1:
12.00	-18.81	-18.70	-18.48	-18.37	-18.26	-18.15	10.80	nan	nan	
Room2:
-17.71	11.20	nan	nan	
Room3:
-17.27	11.60	nan	nan	

Fri Jan 23 14:25:34 2015
Room1 Light:
Fri Jan 23 14:26:28 2015
Room1 Light:
1190.00	1200.00	1210.00	1220.00	
Room1:
12.00	-18.81	-18.70	-18.48	-18.37	-18.26	-18.15	10.80	nan	nan	
Room2:
-17.71	11.20	nan	nan	
Room3:
-17.27	11.60	nan	nan	

Fri Jan 23 14:27:12 2015
Room1 Light:
Mon Mar 23 12:55:09 2015
Room1 Light:
65535.00	65535.00	0.00	0.00	
Room1:
65535.00	65535.00	65535.00	65535.00	65535.00	0.00	0.00	0.00	0.00	0.00	
Room2:
65535.00	65535.00	65535.00	65535.00	
Room3:
65535.00	65535.00	65535.00	65535.00	

Mon Mar 23 12:55:25 2015
Room1 Light:
65535.00	65535.00	0.00	0.00	
Room1:
65535.00	65535.00	65535.00	65535.00	65535.00	0.00	0.00	0.00	0.00	0.00	
Room2:
65535.00	65535.00	65535.00	65535.00	
Room3:
65535.00	65535.00	65535.00	65535.00	

Fri Mar 27 15:38:30 2015
Room1 Light:
65535.00	65535.00	0.00	0.00	
Room1:
65535.00	65535.00	65535.00	65535.00	65535.00	0.00	0.00	0.00	0.00	0.00	
Room2:
65535.00	65535.00	65535.00	65535.00	
Room3:
65535.00	65535.00	65535.00	65535.00	

Fri Mar 27 15:43:01 2015
Room1 Light:
65535.00	65535.00	0.00	0.00	
Room1:
65535.00	65535.00	65535.00	65535.00	65535.00	0.00	0.00	0.00	0.00	0.00	
Room2:
65535.00	65535.00	65535.00	65535.00	
Fri Mar 27 15:44:52 2015
Room1 Light:
65535.00	65535.00	0.00	0.00	
Room1:
65535.00	65535.00	65535.00	65535.00	65535.00	0.00	0.00	0.00	0.00	0.00	
Room2:
65535.00	65535.00	65535.00	65535.00	
Fri Mar 27 15:55:31 2015
Room1 Light:
65535.00	65535.00	0.00	0.00	
Room1:
65535.00	65535.00	65535.00	65535.00	65535.00	0.00	0.00	0.00	0.00	0.00	
Room2:
65535.00	65535.00	65535.00	65535.00	
Fri Mar 27 15:56:45 2015
Room1 Light:
12230.00	12230.00	0.00	0.00	
Room1:
12230.00	12230.00	12230.00	12230.00	12230.00	0.00	0.00	0.00	0.00	0.00	
Room2:
12230.00	12230.00	12230.00	12230.00	
Fri Mar 27 16:01:55 2015
Room1 Light:
12230.00	12345.00	0.00	0.00	
Room1:
16.00	17.00	18.00	18.00	16.00	0.00	0.00	0.00	0.00	0.00	
Room2:
670.00	700.00	18.00	18.00	
Fri Mar 27 16:11:36 2015
Room1 Light:
12230.00	12345.00	0.00	0.00	
Room1:
16.00	17.00	18.00	18.00	16.00	0.00	0.00	0.00	0.00	0.00	
Room2:
670.00	700.00	18.00	18.00	
Fri Mar 27 16:13:34 2015
Room1 Light:
12230.00	12345.00	0.00	0.00	
Room1:
16.00	17.00	18.00	18.00	16.00	0.00	0.00	0.00	0.00	0.00	
Room2:
670.00	700.00	18.00	18.00	
Fri Mar 27 16:16:08 2015
Room1 Light:
12230.00	12345.00	0.00	0.00	
Room1:
16.00	17.00	18.00	18.00	16.00	0.00	0.00	0.00	0.00	0.00	
Room2:
670.00	700.00	18.00	18.00	
Fri Mar 27 16:19:32 2015
Room1 Light:
12230.00	12345.00	0.00	0.00	
Room1:
16.00	17.00	18.00	18.00	16.00	0.00	0.00	0.00	0.00	0.00	
Room2:
670.00	700.00	18.00	18.00	
Fri Mar 27 16:26:15 2015
Room1 Light:
12230.00	12345.00	0.00	0.00	
Room1:
12.00	14.00	16.00	17.00	18.00	0.00	0.00	0.00	0.00	0.00	
Room2:
18.00	72.00	16.00	17.00	
Fri Mar 27 16:32:48 2015
Room1 Light:
12230.00	12345.00	0.00	0.00	
Room1:
12.00	14.00	16.00	17.00	18.00	0.00	0.00	0.00	0.00	0.00	
Room2:
18.00	72.00	16.00	17.00	
Fri Mar 27 16:44:00 2015
Room1 Light:
12230.00	12345.00	12433.00	12332.00	
Room1:
12.00	14.00	16.00	17.00	18.00	18.00	16.00	70.00	1300.00	1200.00	
Room2:
18.00	72.00	670.00	700.00	
Fri Mar 27 16:46:26 2015
Room1 Light:
12230.00	12345.00	12433.00	12332.00	
Room1:
12.00	14.00	16.00	17.00	18.00	18.00	16.00	70.00	1300.00	1200.00	
Room2:
18.00	72.00	670.00	700.00	
Fri Mar 27 16:49:21 2015
Room1 Light:
12230.00	12345.00	12433.00	12332.00	
Room1:
12.00	14.00	16.00	17.00	18.00	18.00	16.00	70.00	1300.00	1200.00	
Room2:
18.00	72.00	670.00	700.00	
Fri Mar 27 16:50:40 2015
Room1 Light:
12230.00	12345.00	12433.00	12332.00	
Room1:
12.00	14.00	16.00	17.00	18.00	18.00	16.00	70.00	1300.00	1200.00	
Room2:
18.00	72.00	670.00	700.00	
Fri Mar 27 16:55:51 2015
Room1 Light:
12230.00	12345.00	12433.00	12332.00	
Room1:
12.00	14.00	16.00	17.00	18.00	18.00	16.00	70.00	1300.00	1200.00	
Room2:
18.00	72.00	670.00	700.00	
Fri Mar 27 17:06:21 2015
Room1 Light:
12230.00	12345.00	12433.00	12332.00	
Room1:
12.00	14.00	16.00	17.00	18.00	18.00	16.00	70.00	1300.00	1200.00	
Room2:
18.00	72.00	670.00	700.00	
Room3:
19.00	71.00	680.00	690.00	

Fri Apr  3 22:01:02 2015
Room1 Light:
12230.00	12345.00	12433.00	12332.00	
Room1:
12.00	14.00	16.00	17.00	18.00	18.00	16.00	70.00	1300.00	1200.00	
Room2:
18.00	72.00	670.00	700.00	
Room3:
19.00	71.00	680.00	690.00	
Room1 Light:
12230.00	12345.00	12433.00	12332.00	
Room1:
12.00	14.00	16.00	17.00	18.00	18.00	16.00	70.00	1300.00	1200.00	
Room1 Light:
12230.00	12345.00	12433.00	12332.00	
Room1:
12.00	14.00	16.00	17.00	18.00	18.00	16.00	70.00	1300.00	1200.00	

Fri Apr  3 22:02:48 2015
Room1 Light:
12230.00	12345.00	12433.00	12332.00	
Room1:
12.00	14.00	16.00	17.00	18.00	18.00	16.00	70.00	1300.00	1200.00	
Room2:
18.00	72.00	670.00	700.00	
Room3:
19.00	71.00	680.00	690.00	
Room1 Light:
12230.00	12345.00	12433.00	12332.00	
Room1:
12.00	14.00	16.00	17.00	18.00	18.00	16.00	70.00	1300.00	1200.00	
Room1 Light:
12230.00	12345.00	12433.00	12332.00	
Room1:
12.00	14.00	16.00	17.00	18.00	18.00	16.00	70.00	1300.00	1200.00	

Sun Apr 12 09:22:45 2015
Room1 Light:
12230.00	12345.00	12433.00	12332.00	
Room1:
12.00	14.00	30.00	27.00	28.00	30.00	25.00	70.00	1300.00	1200.00	

Sun Apr 12 09:23:42 2015
Room1 Light:
12230.00	12345.00	12433.00	12332.00	
Room1:
12.00	14.00	30.00	27.00	28.00	30.00	25.00	70.00	1300.00	1200.00	

Sun Apr 12 09:26:59 2015
Room1 Light:
12230.00	12345.00	12433.00	12332.00	
Room1:
12.00	14.00	30.00	27.00	28.00	30.00	25.00	70.00	1300.00	1200.00	

Sun Apr 12 09:29:36 2015
Room1 Light:
12230.00	12345.00	12433.00	12332.00	
Room1:
12.00	14.00	30.00	27.00	28.00	30.00	25.00	70.00	1300.00	1200.00	

Sun Apr 12 09:35:07 2015
Room1 Light:
12230.00	12345.00	12433.00	12332.00	
Room1:
12.00	14.00	30.00	27.00	28.00	30.00	25.00	70.00	1300.00	1200.00	

Sun Apr 12 09:36:21 2015
Room1 Light:
12230.00	12345.00	12433.00	12332.00	
Room1:
12.00	14.00	30.00	27.00	28.00	30.00	25.00	70.00	1300.00	1200.00	

Sun Apr 12 09:39:50 2015
Room1 Light:
12230.00	12345.00	12433.00	12332.00	
Room1:
12.00	14.00	30.00	27.00	28.00	30.00	25.00	70.00	1300.00	1200.00	
Room1 Light:
12230.00	12345.00	12433.00	12332.00	
Room1:
12.00	14.00	30.00	27.00	28.00	30.00	25.00	70.00	1300.00	1200.00	

Sun Apr 12 09:41:25 2015
Room1 Light:
12230.00	12345.00	12433.00	12332.00	
Room1:
12.00	14.00	30.00	27.00	28.00	30.00	25.00	70.00	1300.00	1200.00	
Room1 Light:
12230.00	12345.00	12433.00	12332.00	
Room1:
12.00	14.00	30.00	27.00	28.00	30.00	25.00	70.00	1300.00	1200.00	

Sun Apr 12 09:44:17 2015
Room1 Light:
12230.00	12345.00	12433.00	12332.00	
Room1:
12.00	14.00	30.00	27.00	28.00	30.00	25.00	70.00	1300.00	1200.00	

Sun Apr 12 09:45:05 2015
Room1 Light:
12230.00	12345.00	12433.00	12332.00	
Room1:
12.00	14.00	30.00	27.00	28.00	30.00	25.00	70.00	1300.00	1200.00	

Sun Apr 12 09:47:00 2015
Room1 Light:
12230.00	12345.00	12433.00	12332.00	
Room1:
12.00	14.00	30.00	27.00	28.00	30.00	25.00	70.00	1300.00	1200.00	

Sun Apr 12 09:56:57 2015
Room1 Light:
12230.00	12345.00	12433.00	12332.00	
Room1:
12.00	14.00	30.00	27.00	28.00	30.00	25.00	70.00	1300.00	1200.00	
Room1 Light:
12230.00	12345.00	12433.00	12332.00	
Room1:
12.00	14.00	30.00	27.00	28.00	30.00	25.00	70.00	1300.00	1200.00	
Room1 Light:
12230.00	12345.00	12433.00	12332.00	
Room1:
12.00	14.00	30.00	27.00	28.00	30.00	25.00	70.00	1300.00	1200.00	
Room1 Light:
12230.00	12345.00	12433.00	12332.00	
Room1:
12.00	14.00	30.00	27.00	28.00	30.00	25.00	70.00	1300.00	1200.00	

